1  50 7  40 63 32 5  30 
8  41 64 45 6  29 62 33 
51 2  49 42 39 4  31 28 
48 9  44 3  46 27 34 61 
13 52 47 38 43 56 17 26 
10 21 12 57 16 37 60 35 
53 14 23 20 55 58 25 18 
22 11 54 15 24 19 36 59 
10 seconds taken.
1  18 3  62 51 20 47 56 
4  61 64 19 46 57 52 21 
29 2  17 50 63 48 55 42 
60 5  30 45 58 43 22 53 
33 28 59 16 49 54 41 10 
6  15 34 31 44 9  38 23 
27 32 13 8  25 36 11 40 
14 7  26 35 12 39 24 37 
141 seconds taken.
1  14 3  40 43 12 47 38 
4  41 64 13 46 39 50 11 
63 2  15 42 7  44 37 48 
16 5  22 45 26 49 10 51 
23 62 17 6  21 8  55 36 
18 31 60 25 58 27 52 9  
61 24 33 20 29 54 35 56 
32 19 30 59 34 57 28 53 
37 seconds taken.
1  16 61 8  59 14 55 26 
62 7  64 15 4  27 58 13 
17 2  5  60 9  56 25 54 
6  63 18 3  28 53 12 57 
19 48 35 52 37 10 29 24 
34 51 32 21 30 43 40 11 
47 20 49 36 45 38 23 42 
50 33 46 31 22 41 44 39 
21 seconds taken.
1  32 61 50 43 36 59 48 
62 51 64 33 60 49 44 37 
31 2  25 52 35 42 47 58 
24 63 34 41 26 53 38 45 
3  30 23 12 39 46 57 54 
22 11 40 27 6  55 18 15 
29 4  9  20 13 16 7  56 
10 21 28 5  8  19 14 17 
60 seconds taken.
1  42 35 46 13 44 51 48 
34 39 64 43 50 47 12 15 
41 2  23 36 45 14 49 52 
38 33 40 63 24 57 16 11 
3  22 37 26 7  62 53 58 
32 29 6  61 56 25 10 17 
21 4  27 30 19 8  59 54 
28 31 20 5  60 55 18 9  
6 seconds taken.
1  4  19 48 17 50 15 42 
6  47 64 3  20 43 32 51 
63 2  5  18 49 16 41 14 
46 7  26 21 44 31 52 33 
25 62 45 30 27 22 13 40 
8  59 28 23 38 55 34 53 
61 24 57 10 29 36 39 12 
58 9  60 37 56 11 54 35 
43 seconds taken.
1  6  3  32 47 30 37 34 
4  49 64 29 36 33 46 61 
7  2  5  48 31 62 35 38 
50 55 8  63 28 39 60 45 
9  16 27 54 59 44 23 40 
56 51 58 15 12 41 20 43 
17 10 53 26 19 22 13 24 
52 57 18 11 14 25 42 21 
7 seconds taken.
1  4  17 48 45 34 29 32 
16 49 64 3  28 31 46 35 
63 2  5  18 47 44 33 30 
50 15 62 27 6  19 36 39 
61 10 51 14 43 38 57 20 
52 13 26 7  58 23 40 37 
9  60 11 54 25 42 21 56 
12 53 8  59 22 55 24 41 
20 seconds taken.
1  58 29 38 63 56 31 36 
28 7  64 57 30 37 62 55 
59 2  39 8  61 54 35 32 
6  27 60 11 34 9  46 53 
3  40 5  26 47 12 33 16 
22 25 48 13 10 17 52 45 
41 4  23 20 43 50 15 18 
24 21 42 49 14 19 44 51 
179 seconds taken.
1  62 39 50 23 60 29 48 
38 25 64 61 40 49 22 59 
63 2  51 24 57 28 47 30 
52 37 26 9  46 41 58 21 
5  10 3  56 27 14 31 42 
36 53 6  13 8  45 20 17 
11 4  55 34 15 18 43 32 
54 35 12 7  44 33 16 19 
66 seconds taken.
1  12 3  16 63 54 47 18 
4  15 64 55 48 17 44 53 
11 2  13 62 7  46 19 42 
14 5  8  49 56 43 52 45 
29 10 57 6  61 50 41 20 
58 25 28 9  40 37 34 51 
27 30 23 60 35 32 21 38 
24 59 26 31 22 39 36 33 
4 seconds taken.
1  62 31 58 19 56 33 46 
30 59 64 61 32 47 18 55 
63 2  29 4  57 20 45 34 
28 5  60 43 48 35 54 17 
7  42 3  50 21 44 13 36 
24 27 6  39 10 49 16 53 
41 8  25 22 51 14 37 12 
26 23 40 9  38 11 52 15 
25 seconds taken.
1  28 3  18 63 20 47 58 
4  17 64 21 46 57 62 43 
29 2  27 56 19 44 59 48 
16 5  30 45 22 9  42 61 
31 26 51 8  55 60 49 10 
52 15 6  23 50 39 36 41 
25 32 13 54 7  34 11 38 
14 53 24 33 12 37 40 35 
46 seconds taken.
1  40 5  50 63 42 59 48 
6  27 64 41 4  49 62 43 
39 2  7  26 51 58 47 60 
8  25 28 3  14 61 44 57 
29 38 9  52 21 56 15 46 
24 35 32 13 10 45 18 55 
33 30 37 22 53 20 11 16 
36 23 34 31 12 17 54 19 
82 seconds taken.
1  50 39 36 23 48 41 46 
38 35 64 49 40 45 62 21 
51 2  37 24 63 22 47 42 
34 25 52 17 44 9  20 61 
3  54 33 26 19 60 43 10 
32 29 18 53 16 13 8  59 
55 4  27 30 57 6  11 14 
28 31 56 5  12 15 58 7  
24 seconds taken.
1  38 3  36 21 30 61 10 
4  19 64 29 62 9  22 31 
39 2  37 20 35 32 11 60 
18 5  28 63 8  13 34 23 
27 40 7  14 33 24 59 12 
6  17 54 25 52 49 44 47 
41 26 15 56 43 46 51 58 
16 55 42 53 50 57 48 45 
39 seconds taken.
1  22 57 24 15 20 55 52 
58 25 64 21 56 53 16 19 
39 2  23 14 11 18 51 54 
26 59 40 63 42 9  12 17 
3  38 43 10 13 32 47 50 
60 27 62 41 46 49 8  33 
37 4  29 44 35 6  31 48 
28 61 36 5  30 45 34 7  
31 seconds taken.
1  52 3  16 63 50 5  22 
38 17 64 51 4  21 62 49 
53 2  39 26 15 60 23 6  
18 37 54 59 20 25 48 61 
55 40 19 14 27 44 7  24 
36 11 34 41 58 47 30 45 
33 56 13 10 31 28 43 8  
12 35 32 57 42 9  46 29 
43 seconds taken.
1  28 3  62 59 26 55 52 
4  61 64 27 6  53 58 25 
29 2  5  60 63 56 51 54 
40 35 22 7  42 15 24 57 
21 30 41 34 23 50 13 46 
36 39 8  43 14 47 16 49 
31 20 37 10 33 18 45 12 
38 9  32 19 44 11 48 17 
2 seconds taken.
1  16 45 28 11 14 47 50 
62 29 64 15 46 49 10 13 
17 2  61 44 27 12 51 48 
30 63 4  19 52 57 26 9  
3  18 43 60 37 8  53 58 
34 31 20 5  56 59 38 25 
21 42 33 36 23 40 7  54 
32 35 22 41 6  55 24 39 
12 seconds taken.
1  24 3  6  63 16 27 14 
4  21 64 25 28 13 62 17 
23 2  5  20 7  26 15 12 
34 53 22 29 46 11 18 61 
39 30 35 54 19 8  47 10 
52 33 40 43 36 45 60 57 
41 38 31 50 55 58 9  48 
32 51 42 37 44 49 56 59 
15 seconds taken.
1  40 17 34 63 58 15 36 
18 33 64 57 16 35 62 59 
41 2  39 24 61 4  37 14 
32 19 56 3  38 25 60 5  
55 42 23 10 53 6  13 26 
20 31 54 45 48 11 50 7  
43 46 29 22 9  52 27 12 
30 21 44 47 28 49 8  51 
51 seconds taken.
1  60 51 56 41 44 49 46 
52 55 64 59 50 47 40 43 
61 2  53 16 57 42 45 48 
54 15 58 63 32 13 18 39 
3  62 31 14 17 38 11 36 
26 29 24 33 12 35 8  19 
23 4  27 30 21 6  37 10 
28 25 22 5  34 9  20 7  
52 seconds taken.
1  34 3  8  63 10 25 14 
4  7  64 35 16 13 62 11 
33 2  17 6  9  26 15 24 
18 5  32 53 36 23 12 61 
31 54 37 22 27 60 51 48 
38 19 28 45 52 49 42 59 
55 30 21 40 57 44 47 50 
20 39 56 29 46 41 58 43 
23 seconds taken.
1  46 9  26 63 48 7  20 
10 29 64 47 8  21 24 49 
45 2  27 62 25 6  19 22 
28 11 30 3  60 23 50 5  
31 44 61 54 41 4  37 18 
12 57 42 59 34 15 40 51 
43 32 55 14 53 38 17 36 
56 13 58 33 16 35 52 39 
33 seconds taken.
1  58 3  8  49 60 13 10 
4  21 64 59 12 9  50 61 
57 2  7  48 63 14 11 26 
22 5  20 15 24 27 62 51 
19 56 23 6  47 52 25 28 
36 33 54 31 16 41 46 43 
55 18 35 38 53 44 29 40 
34 37 32 17 30 39 42 45 
4 seconds taken.
1  12 15 26 63 30 7  28 
14 25 64 9  16 27 62 31 
11 2  13 42 49 8  29 6  
24 41 10 17 4  61 32 47 
55 18 3  50 43 48 5  60 
40 23 54 19 58 35 46 33 
53 56 21 38 51 44 59 36 
22 39 52 57 20 37 34 45 
15 seconds taken.
1  62 3  8  37 34 47 10 
4  7  64 61 48 9  38 35 
63 2  5  26 33 36 11 46 
6  27 32 49 60 45 54 39 
31 22 25 16 55 50 59 12 
28 19 30 23 44 15 40 53 
21 24 17 56 51 42 13 58 
18 29 20 43 14 57 52 41 
31 seconds taken.
1  8  23 48 19 46 25 30 
40 49 64 9  24 31 18 45 
7  2  41 22 47 20 29 26 
50 39 10 63 32 27 44 17 
3  6  51 42 21 62 33 28 
38 57 4  11 52 43 16 61 
5  12 55 36 59 14 53 34 
56 37 58 13 54 35 60 15 
15 seconds taken.
1  62 3  56 29 24 39 42 
4  55 64 23 40 43 28 25 
63 2  61 30 57 26 41 38 
20 5  54 59 22 31 44 27 
53 60 21 6  13 58 37 32 
16 19 50 9  34 7  12 45 
49 52 17 14 47 10 33 36 
18 15 48 51 8  35 46 11 
40 seconds taken.
1  6  41 36 25 8  61 38 
42 35 64 7  40 37 24 9  
5  2  33 26 23 62 39 60 
34 43 4  63 32 51 10 55 
3  16 31 22 27 54 59 50 
44 21 28 17 52 49 56 11 
15 30 19 46 13 58 53 48 
20 45 14 29 18 47 12 57 
17 seconds taken.