1  38 5  24 63 54 59 56 
6  25 64 37 28 57 62 53 
39 2  27 4  23 60 55 58 
26 7  36 29 16 21 52 61 
9  40 3  22 35 30 15 20 
46 43 8  17 12 49 32 51 
41 10 45 48 31 34 19 14 
44 47 42 11 18 13 50 33 
13 seconds taken.
1  62 25 6  47 60 27 30 
22 7  64 61 26 29 48 59 
63 2  21 24 5  46 31 28 
8  23 4  51 20 33 58 49 
3  52 13 34 39 50 45 32 
12 9  38 19 16 35 42 57 
53 14 11 36 55 40 17 44 
10 37 54 15 18 43 56 41 
45 seconds taken.
1  42 47 12 63 14 5  10 
46 49 64 15 4  11 62 59 
41 2  43 48 13 60 9  6  
50 45 16 3  20 7  58 61 
17 40 19 44 57 24 33 8  
54 51 26 37 34 21 30 23 
39 18 53 56 25 28 35 32 
52 55 38 27 36 31 22 29 
0 seconds taken.
1  62 5  46 43 60 41 38 
6  45 64 61 4  39 32 59 
63 2  7  44 47 42 37 40 
8  53 48 3  10 33 58 31 
49 18 9  26 57 30 11 36 
54 21 52 17 34 25 14 29 
19 50 23 56 27 16 35 12 
22 55 20 51 24 13 28 15 
17 seconds taken.
1  52 35 22 63 54 37 42 
34 21 64 53 36 41 24 55 
51 2  19 62 23 56 43 38 
20 33 50 59 40 25 10 57 
3  18 61 26 11 58 39 44 
32 49 6  15 60 27 12 9  
17 4  47 30 7  14 45 28 
48 31 16 5  46 29 8  13 
27 seconds taken.
1  24 47 8  63 40 45 42 
48 9  64 13 46 43 6  39 
23 2  25 62 7  4  41 44 
10 49 14 3  12 33 38 5  
59 22 11 26 61 30 35 32 
50 19 60 15 34 37 54 29 
21 58 17 52 27 56 31 36 
18 51 20 57 16 53 28 55 
23 seconds taken.
1  54 45 58 63 26 47 50 
44 57 64 53 46 49 24 27 
55 2  59 62 25 10 51 48 
60 43 56 11 52 19 28 23 
3  12 61 32 39 22 9  20 
42 33 40 15 6  37 18 29 
13 4  35 38 31 16 21 8  
34 41 14 5  36 7  30 17 
39 seconds taken.
1  24 39 14 61 12 41 10 
38 15 64 23 40 9  60 43 
25 2  37 62 13 42 11 8  
16 63 46 3  22 7  44 59 
47 26 21 36 45 32 55 6  
20 17 50 33 4  35 58 31 
27 48 19 52 29 56 5  54 
18 51 28 49 34 53 30 57 
55 seconds taken.
1  58 27 48 63 60 29 46 
26 49 64 59 28 47 62 7  
57 2  43 24 61 6  45 30 
38 25 50 3  44 15 8  5  
51 56 37 42 23 4  31 14 
36 39 22 53 16 11 20 9  
55 52 41 34 21 18 13 32 
40 35 54 17 12 33 10 19 
16 seconds taken.
1  40 61 56 9  42 11 54 
60 57 64 41 62 55 24 43 
39 2  59 8  45 10 53 12 
58 7  32 63 52 25 44 23 
31 38 3  46 33 22 13 26 
6  47 34 37 28 51 16 19 
35 30 49 4  21 18 27 14 
48 5  36 29 50 15 20 17 
18 seconds taken.
1  20 39 16 63 26 51 28 
38 17 64 49 52 29 62 25 
21 2  19 40 15 50 27 30 
18 37 22 3  48 53 24 61 
45 4  41 54 23 14 31 12 
36 7  44 47 42 11 60 57 
5  46 9  34 55 58 13 32 
8  35 6  43 10 33 56 59 
56 seconds taken.
1  62 39 60 49 12 41 20 
38 33 64 11 40 19 48 13 
63 2  61 34 59 50 21 42 
32 37 10 45 18 43 14 47 
3  28 35 58 9  46 51 22 
36 31 56 25 44 17 8  15 
27 4  29 54 57 6  23 52 
30 55 26 5  24 53 16 7  
1 seconds taken.
1  28 61 40 63 56 59 54 
42 39 64 27 60 53 12 57 
29 2  41 62 11 58 55 20 
38 43 30 35 26 21 52 13 
3  34 37 10 51 14 19 22 
44 31 6  25 36 17 48 15 
7  4  33 46 9  50 23 18 
32 45 8  5  24 47 16 49 
19 seconds taken.
1  42 3  62 53 58 29 60 
4  51 64 41 28 61 54 57 
43 2  27 52 63 56 59 30 
18 5  50 45 40 31 14 55 
49 44 17 26 15 46 39 24 
6  19 8  47 36 25 32 13 
9  48 21 16 11 34 23 38 
20 7  10 35 22 37 12 33 
57 seconds taken.
1  8  3  32 63 46 23 44 
4  31 64 61 24 43 34 47 
9  2  7  30 33 62 45 22 
56 5  60 25 42 29 48 35 
59 10 57 6  49 36 21 40 
52 55 26 37 28 41 18 15 
11 58 53 50 13 16 39 20 
54 51 12 27 38 19 14 17 
14 seconds taken.
1  22 47 6  29 24 49 32 
46 5  64 23 48 31 28 25 
21 2  7  30 63 26 33 50 
8  45 4  39 34 55 62 27 
3  20 35 44 61 40 51 56 
36 9  38 17 14 57 54 41 
19 16 11 60 43 52 13 58 
10 37 18 15 12 59 42 53 
180 seconds taken.
1  58 3  24 31 28 45 26 
62 23 64 59 44 25 32 29 
57 2  61 4  41 30 27 46 
22 63 40 43 60 17 6  33 
39 56 51 10 5  42 47 16 
52 21 54 13 18 9  34 7  
55 38 19 50 11 36 15 48 
20 53 12 37 14 49 8  35 
10 seconds taken.
1  56 3  54 63 58 29 48 
4  43 64 57 30 49 62 59 
33 2  55 44 53 60 47 28 
42 5  34 31 50 45 10 61 
35 32 37 52 9  14 27 46 
6  41 20 17 38 51 24 11 
19 36 39 8  13 22 15 26 
40 7  18 21 16 25 12 23 
124 seconds taken.
1  4  43 12 63 58 41 34 
14 11 64 3  42 35 62 59 
5  2  13 44 57 60 33 40 
10 15 6  53 36 31 46 61 
7  54 9  30 45 56 39 32 
16 29 52 55 24 37 20 47 
51 8  27 18 49 22 25 38 
28 17 50 23 26 19 48 21 
54 seconds taken.
1  40 61 56 7  38 5  34 
62 59 64 39 4  35 8  37 
41 2  57 60 55 6  33 52 
58 63 26 3  14 53 36 9  
19 42 15 54 25 46 51 32 
16 27 18 13 22 49 10 47 
43 20 29 24 45 12 31 50 
28 17 44 21 30 23 48 11 
58 seconds taken.
1  42 11 46 9  62 53 48 
12 45 64 5  52 47 8  61 
41 2  43 10 63 6  49 54 
44 13 40 51 4  27 60 7  
39 22 3  28 59 50 55 26 
16 19 14 23 36 57 34 31 
21 38 17 58 29 32 25 56 
18 15 20 37 24 35 30 33 
69 seconds taken.
1  16 3  54 61 52 7  56 
4  47 64 17 6  55 60 51 
15 2  5  48 53 62 57 8  
46 41 18 63 10 59 50 33 
19 14 45 40 49 32 9  58 
44 27 42 11 22 25 34 37 
13 20 29 26 39 36 31 24 
28 43 12 21 30 23 38 35 
13 seconds taken.
1  38 3  20 61 42 9  18 
4  21 64 39 8  19 60 41 
37 2  5  62 43 40 17 10 
22 63 36 51 24 7  28 59 
53 50 23 6  29 44 11 16 
32 35 52 25 14 27 58 45 
49 54 33 30 47 56 15 12 
34 31 48 55 26 13 46 57 
148 seconds taken.
1  50 35 6  41 8  61 58 
36 5  64 51 34 59 42 9  
49 2  37 40 7  62 57 60 
4  39 18 63 52 33 10 43 
25 48 3  38 17 44 29 56 
22 19 24 53 28 13 32 11 
47 26 21 16 45 30 55 14 
20 23 46 27 54 15 12 31 
23 seconds taken.
1  62 3  26 57 60 5  34 
44 25 64 61 4  33 54 59 
63 2  43 56 27 58 35 6  
42 45 24 51 32 55 12 53 
23 50 19 28 11 52 7  36 
46 41 48 31 20 15 10 13 
49 22 39 18 29 8  37 16 
40 47 30 21 38 17 14 9  
16 seconds taken.
1  12 41 26 63 14 43 24 
52 27 64 13 42 25 38 15 
11 2  53 40 29 62 23 44 
54 51 28 3  56 39 16 37 
7  10 55 30 61 36 45 22 
50 33 8  57 4  19 60 17 
9  6  31 48 35 58 21 46 
32 49 34 5  20 47 18 59 
12 seconds taken.
1  20 33 46 31 48 13 10 
34 45 64 19 14 11 30 49 
63 2  21 32 47 16 9  12 
44 35 62 15 18 7  50 29 
3  22 43 36 61 28 17 8  
42 39 60 25 6  51 54 57 
23 4  37 40 59 56 27 52 
38 41 24 5  26 53 58 55 
37 seconds taken.
1  24 61 20 5  18 59 56 
62 21 64 49 60 57 6  17 
25 2  23 4  19 48 55 58 
22 63 26 47 50 35 16 7  
27 46 3  36 15 8  31 54 
42 39 44 51 30 11 34 9  
45 28 41 14 37 32 53 12 
40 43 38 29 52 13 10 33 
101 seconds taken.
1  34 45 8  63 4  47 50 
44 9  64 3  46 49 26 5  
33 2  35 62 7  30 51 48 
10 43 14 31 12 27 6  25 
15 32 11 36 61 24 29 52 
42 57 60 13 28 37 20 23 
59 16 55 40 21 18 53 38 
56 41 58 17 54 39 22 19 
292 seconds taken.
1  10 43 52 63 30 41 50 
44 53 64 9  42 51 62 29 
11 2  21 56 31 8  49 40 
54 45 12 7  22 47 28 61 
3  20 55 46 57 32 39 48 
16 13 18 23 6  35 60 27 
19 4  15 36 25 58 33 38 
14 17 24 5  34 37 26 59 
31 seconds taken.
1  50 57 60 63 40 33 38 
58 55 64 51 32 37 62 41 
49 2  59 56 61 52 39 34 
4  9  54 27 36 31 42 25 
19 48 3  8  53 26 35 30 
10 5  20 17 28 15 24 43 
47 18 7  12 45 22 29 14 
6  11 46 21 16 13 44 23 
3 seconds taken.
1  62 25 60 7  56 27 58 
24 5  64 51 26 59 8  55 
63 2  61 6  9  50 57 28 
4  23 52 15 30 11 54 49 
39 16 3  10 53 14 29 12 
22 19 40 31 36 33 48 45 
41 38 17 20 43 46 13 34 
18 21 42 37 32 35 44 47 
96 seconds taken.
1  54 51 8  63 4  49 46 
52 9  64 3  50 47 62 5  
55 2  53 28 7  60 45 48 
10 29 26 59 16 37 6  61 
25 56 11 36 27 44 15 38 
30 33 58 17 12 41 20 43 
57 24 35 32 19 22 39 14 
34 31 18 23 40 13 42 21 
34 seconds taken.
1  8  3  48 63 50 57 46 
10 5  64 53 58 47 62 51 
7  2  9  4  49 52 45 56 
38 11 6  59 54 21 32 61 
13 16 37 20 33 60 55 44 
36 39 12 15 26 29 22 31 
17 14 41 34 19 24 43 28 
40 35 18 25 42 27 30 23 
49 seconds taken.
1  56 45 30 9  6  43 32 
46 29 64 3  44 31 8  5  
55 2  57 10 7  4  33 42 
28 47 54 63 58 49 12 17 
53 24 59 48 11 16 41 34 
60 27 62 21 50 37 18 13 
23 52 25 38 15 20 35 40 
26 61 22 51 36 39 14 19 
26 seconds taken.
1  44 17 28 5  42 15 58 
26 29 64 43 16 57 6  41 
45 2  27 18 63 4  59 14 
30 25 22 3  56 61 40 7  
21 46 19 62 23 52 13 60 
34 31 24 55 12 39 8  51 
47 20 33 36 49 10 53 38 
32 35 48 11 54 37 50 9  
20 seconds taken.
1  22 57 20 63 4  59 16 
56 19 64 3  58 17 62 7  
23 2  21 18 5  8  15 60 
42 55 38 49 10 61 6  31 
37 24 41 54 39 30 9  14 
46 43 48 11 50 53 32 29 
25 36 45 40 27 34 13 52 
44 47 26 35 12 51 28 33 
92 seconds taken.
1  62 15 28 41 48 17 46 
14 29 64 61 16 45 38 49 
63 2  13 42 27 40 47 18 
30 25 60 3  44 37 50 39 
59 12 43 26 51 4  19 36 
24 31 58 9  6  35 52 55 
11 8  33 22 57 54 5  20 
32 23 10 7  34 21 56 53 
28 seconds taken.
1  4  19 60 63 26 21 24 
18 61 64 3  20 23 38 27 
5  2  59 62 37 40 25 22 
58 17 30 41 10 49 28 39 
31 6  43 54 29 36 11 50 
16 57 32 9  42 53 48 35 
7  44 55 14 33 46 51 12 
56 15 8  45 52 13 34 47 
8 seconds taken.
1  38 3  58 49 34 43 60 
4  57 64 35 42 59 48 33 
39 2  37 50 63 46 61 44 
56 5  24 41 36 7  32 47 
25 40 55 6  51 62 45 8  
54 23 26 17 20 11 14 31 
27 18 21 52 29 16 9  12 
22 53 28 19 10 13 30 15 
118 seconds taken.
1  50 17 14 63 52 57 54 
16 31 64 51 18 55 22 59 
49 2  15 62 13 58 53 56 
32 35 30 19 28 23 60 21 
3  48 33 12 61 20 27 24 
34 11 36 29 6  25 40 43 
47 4  9  38 45 42 7  26 
10 37 46 5  8  39 44 41 
126 seconds taken.
1  58 29 20 23 42 27 18 
30 21 64 59 28 19 24 41 
61 2  57 22 43 10 17 26 
56 31 60 63 46 25 40 11 
3  62 51 44 9  12 47 16 
32 55 34 13 52 45 8  39 
35 4  53 50 37 6  15 48 
54 33 36 5  14 49 38 7  
43 seconds taken.
1  34 3  16 25 36 53 22 
4  15 64 35 52 23 18 37 
63 2  33 24 17 26 21 54 
14 5  62 51 32 55 38 19 
61 50 31 46 39 20 27 56 
6  13 8  59 10 45 40 43 
49 60 11 30 47 42 57 28 
12 7  48 9  58 29 44 41 
59 seconds taken.
1  14 51 12 53 62 27 30 
50 11 64 3  26 29 54 61 
15 2  13 52 63 4  31 28 
10 49 16 25 8  43 60 55 
17 38 9  44 59 32 5  42 
48 45 24 39 20 7  56 33 
37 18 47 22 35 58 41 6  
46 23 36 19 40 21 34 57 
107 seconds taken.
1  58 21 46 63 44 19 48 
34 23 64 59 20 47 62 43 
57 2  33 22 45 60 49 18 
24 35 12 5  10 31 42 61 
3  56 9  32 13 50 17 30 
36 25 4  11 6  41 14 51 
55 8  27 38 53 16 29 40 
26 37 54 7  28 39 52 15 
1 seconds taken.
1  58 3  60 63 38 47 16 
4  13 64 37 48 15 62 39 
57 2  59 14 61 40 17 46 
12 5  36 41 10 49 34 23 
29 56 11 50 35 22 45 18 
6  53 30 21 42 9  24 33 
55 28 51 8  31 26 19 44 
52 7  54 27 20 43 32 25 
23 seconds taken.
1  62 3  50 29 60 13 8  
4  49 64 61 14 7  28 59 
63 2  51 6  27 30 9  12 
48 5  26 15 52 11 58 31 
41 22 47 54 43 16 35 10 
46 25 42 19 38 53 32 57 
21 40 23 44 55 34 17 36 
24 45 20 39 18 37 56 33 
11 seconds taken.
1  20 39 16 37 24 29 26 
40 17 64 21 30 27 36 23 
19 2  41 38 15 22 25 28 
42 63 18 3  54 31 14 35 
47 4  43 58 13 34 53 32 
62 59 48 55 44 57 12 9  
5  46 61 50 7  10 33 52 
60 49 6  45 56 51 8  11 
4 seconds taken.
1  26 41 14 63 12 23 50 
40 15 64 25 22 49 62 11 
27 2  53 42 13 24 51 48 
16 39 28 35 52 21 10 61 
3  54 43 20 9  60 47 32 
38 17 36 29 34 31 8  59 
55 4  19 44 57 6  33 46 
18 37 56 5  30 45 58 7  
51 seconds taken.
1  10 25 62 47 12 27 60 
24 5  64 11 26 61 46 13 
9  2  7  48 63 50 59 28 
6  23 4  35 58 29 14 45 
3  8  57 22 49 34 51 30 
18 21 36 33 54 15 44 41 
37 56 19 16 39 42 31 52 
20 17 38 55 32 53 40 43 
78 seconds taken.
