1  22 11 52 29 24 47 50 
10 5  64 23 48 51 30 25 
21 2  9  12 53 28 49 46 
6  13 4  63 8  55 26 31 
3  20 7  54 27 32 45 56 
14 17 62 41 58 43 36 33 
19 40 15 60 35 38 57 44 
16 61 18 39 42 59 34 37 
36 seconds taken.
1  32 61 12 59 34 17 14 
62 53 64 33 16 13 58 35 
31 2  11 60 55 44 15 18 
52 63 54 29 10 19 36 57 
3  30 51 20 43 56 45 8  
50 23 26 5  28 9  40 37 
25 4  21 48 39 42 7  46 
22 49 24 27 6  47 38 41 
37 seconds taken.
1  26 35 6  63 28 37 40 
34 5  64 27 36 39 62 29 
25 2  33 10 7  30 41 38 
4  13 24 31 58 11 8  61 
23 32 3  12 9  60 19 42 
14 47 50 59 20 57 52 55 
49 22 45 16 51 54 43 18 
46 15 48 21 44 17 56 53 
16 seconds taken.
1  20 3  24 63 22 55 26 
4  31 64 21 6  25 62 53 
19 2  5  32 23 54 27 56 
30 45 38 7  28 9  52 61 
37 18 29 44 33 40 57 10 
46 15 34 39 8  51 60 41 
17 36 13 48 43 58 11 50 
14 47 16 35 12 49 42 59 
15 seconds taken.
1  12 43 18 33 10 45 20 
42 17 64 11 44 19 34 9  
13 2  15 32 7  62 21 46 
16 41 6  63 60 47 8  35 
3  14 59 40 31 36 61 22 
56 53 50 5  48 25 28 37 
51 4  55 58 39 30 23 26 
54 57 52 49 24 27 38 29 
5 seconds taken.
1  62 39 60 41 22 27 58 
38 13 64 23 28 59 42 21 
63 2  61 40 15 8  57 26 
12 37 14 9  24 29 20 43 
3  48 11 16 7  56 25 30 
36 51 6  47 10 31 44 19 
49 4  53 34 17 46 55 32 
52 35 50 5  54 33 18 45 
21 seconds taken.
1  62 53 18 13 24 51 10 
54 19 64 23 52 11 16 25 
63 2  61 12 17 14 9  50 
20 55 42 3  22 5  26 15 
41 32 21 60 43 8  49 6  
56 59 44 31 4  29 36 27 
33 40 57 46 35 38 7  48 
58 45 34 39 30 47 28 37 
14 seconds taken.
1  26 19 22 41 34 17 36 
20 23 64 25 18 37 42 39 
27 2  21 52 33 40 35 16 
56 51 24 63 10 15 38 43 
3  28 55 50 53 32 9  14 
60 57 62 31 6  11 44 47 
29 4  59 54 49 46 13 8  
58 61 30 5  12 7  48 45 
13 seconds taken.
1  62 39 18 47 60 37 32 
40 17 64 61 38 33 20 59 
63 2  23 46 19 48 31 36 
24 41 16 51 34 21 58 49 
3  52 45 22 15 50 35 30 
42 25 14 5  28 7  10 57 
53 4  27 44 55 12 29 8  
26 43 54 13 6  9  56 11 
2 seconds taken.
1  62 23 40 35 60 33 42 
22 19 64 61 24 41 36 59 
63 2  17 20 39 34 43 32 
18 21 4  25 30 15 58 37 
3  28 9  16 5  38 31 44 
8  53 26 29 48 45 14 57 
27 10 51 6  55 12 49 46 
52 7  54 11 50 47 56 13 
74 seconds taken.
1  62 45 28 41 60 43 14 
46 29 64 61 44 13 40 59 
63 2  11 48 27 42 15 24 
10 47 30 37 12 25 58 39 
3  6  49 26 31 38 23 16 
50 9  52 5  36 19 32 57 
53 4  7  20 55 34 17 22 
8  51 54 35 18 21 56 33 
1 seconds taken.
1  62 51 32 11 40 49 38 
52 33 64 59 50 37 12 41 
63 2  61 36 31 10 39 48 
34 53 58 23 60 47 42 13 
3  24 35 30 57 14 9  16 
54 29 22 25 6  17 46 43 
21 4  27 56 19 44 15 8  
28 55 20 5  26 7  18 45 
4 seconds taken.
1  36 3  22 9  34 7  20 
48 23 64 35 46 21 10 33 
37 2  47 4  63 8  19 6  
58 49 24 45 56 5  32 11 
25 38 57 62 31 12 55 18 
50 59 26 41 44 15 28 13 
39 42 61 52 27 30 17 54 
60 51 40 43 16 53 14 29 
18 seconds taken.
1  42 3  28 59 44 61 14 
24 27 64 43 62 13 58 45 
41 2  25 4  29 60 15 12 
26 23 30 63 16 51 46 57 
31 40 35 50 5  56 11 52 
22 19 38 17 34 53 8  47 
39 32 21 36 49 6  55 10 
20 37 18 33 54 9  48 7  
14 seconds taken.
1  56 17 22 63 58 15 38 
18 21 64 57 16 37 62 59 
33 2  55 20 23 60 39 14 
50 19 34 31 40 9  36 61 
3  32 49 54 35 24 13 8  
48 51 30 41 6  43 10 25 
29 4  53 46 27 12 7  44 
52 47 28 5  42 45 26 11 
9 seconds taken.
1  6  41 62 29 48 43 46 
40 31 64 5  42 45 28 49 
7  2  61 30 63 26 47 44 
32 39 4  55 60 15 50 27 
3  8  33 14 25 54 21 16 
38 11 36 59 56 17 24 51 
9  34 13 18 53 22 57 20 
12 37 10 35 58 19 52 23 
93 seconds taken.
1  34 41 24 63 36 43 48 
20 23 64 35 42 47 26 37 
33 2  21 40 25 62 49 44 
22 19 32 61 46 27 38 51 
3  60 9  18 39 50 45 28 
8  11 6  31 14 17 52 55 
59 4  13 10 57 54 29 16 
12 7  58 5  30 15 56 53 
19 seconds taken.
1  52 61 6  63 36 11 38 
60 5  64 51 12 39 8  35 
53 2  49 62 7  10 37 40 
48 59 4  13 50 17 34 9  
3  54 47 58 27 14 41 18 
46 57 28 21 16 19 26 33 
29 22 55 44 31 24 15 42 
56 45 30 23 20 43 32 25 
32 seconds taken.
1  62 21 36 19 40 47 42 
22 35 64 61 46 43 18 39 
63 2  45 20 37 60 41 48 
34 23 58 3  44 25 38 17 
57 4  55 24 59 8  49 28 
54 33 12 7  26 29 16 9  
5  56 31 52 11 14 27 50 
32 53 6  13 30 51 10 15 
103 seconds taken.
1  56 53 48 45 30 41 50 
54 47 64 57 52 49 44 29 
63 2  55 46 31 42 51 40 
4  33 62 11 58 19 28 43 
61 12 3  32 23 10 39 18 
34 5  22 59 20 17 24 27 
13 60 7  36 15 26 9  38 
6  35 14 21 8  37 16 25 
18 seconds taken.
1  62 43 26 39 30 45 28 
42 25 64 37 44 27 14 31 
63 2  61 40 15 38 29 46 
24 41 8  3  36 51 32 13 
7  60 23 16 9  34 47 52 
20 17 4  35 50 55 12 33 
59 6  19 22 57 10 53 48 
18 21 58 5  54 49 56 11 
8 seconds taken.
1  62 55 24 27 60 47 22 
56 25 64 61 54 23 28 45 
63 2  19 26 59 46 21 48 
18 57 42 39 20 53 44 29 
3  38 7  58 43 40 49 52 
8  17 4  41 50 13 30 33 
37 6  15 10 35 32 51 12 
16 9  36 5  14 11 34 31 
70 seconds taken.
1  62 3  30 47 60 43 50 
4  33 64 61 42 49 46 59 
63 2  29 48 31 56 51 44 
34 5  32 41 28 45 58 55 
39 14 35 18 57 54 27 52 
6  9  40 13 36 19 24 21 
15 38 11 8  17 22 53 26 
10 7  16 37 12 25 20 23 
98 seconds taken.
1  62 59 20 49 22 29 24 
60 19 64 7  58 25 48 27 
63 2  61 50 21 28 23 30 
18 51 8  57 6  39 26 47 
9  56 3  52 11 46 31 40 
14 17 10 5  38 43 34 45 
55 4  15 12 53 36 41 32 
16 13 54 37 42 33 44 35 
8 seconds taken.
1  56 19 38 35 54 43 40 
18 21 64 55 42 39 36 53 
63 2  57 20 37 34 41 44 
22 17 62 29 24 45 52 33 
3  30 23 58 13 32 25 46 
16 61 6  31 28 49 10 51 
7  4  59 14 9  12 47 26 
60 15 8  5  48 27 50 11 
87 seconds taken.
1  4  61 48 59 22 55 28 
50 47 64 3  62 29 58 23 
5  2  49 60 21 56 27 54 
46 51 6  63 30 53 24 57 
41 14 45 52 35 20 31 26 
44 7  42 13 10 25 36 19 
15 40 9  34 17 38 11 32 
8  43 16 39 12 33 18 37 
5 seconds taken.
1  10 3  50 63 46 29 48 
4  7  64 45 30 49 62 43 
11 2  9  6  51 44 47 28 
8  5  52 31 56 37 42 61 
53 12 55 38 21 32 27 36 
18 15 22 57 24 35 60 41 
13 54 17 20 39 58 33 26 
16 19 14 23 34 25 40 59 
36 seconds taken.
1  62 3  18 53 8  51 36 
4  19 64 61 50 37 40 9  
63 2  17 54 7  52 35 38 
20 5  60 49 34 39 10 41 
59 16 21 6  55 32 45 30 
22 25 56 33 48 29 42 11 
15 58 27 24 13 44 31 46 
26 23 14 57 28 47 12 43 
13 seconds taken.
1  62 53 38 43 40 51 48 
54 17 64 61 52 49 44 41 
63 2  37 16 39 42 47 50 
18 55 60 3  36 15 30 45 
59 4  19 26 31 46 35 24 
56 7  58 11 22 25 14 29 
5  20 9  32 27 12 23 34 
8  57 6  21 10 33 28 13 
22 seconds taken.
1  22 19 32 7  48 5  30 
20 33 64 25 4  31 8  49 
23 2  21 18 47 6  29 44 
34 63 24 3  26 45 50 9  
59 56 35 46 17 10 43 28 
62 15 60 57 36 27 40 51 
55 58 13 16 53 38 11 42 
14 61 54 37 12 41 52 39 
86 seconds taken.
1  62 59 46 15 42 57 44 
60 47 64 25 58 45 14 41 
63 2  61 16 19 40 43 56 
48 17 24 39 26 55 20 13 
3  38 31 18 23 12 27 54 
32 49 34 37 30 21 8  11 
35 4  51 22 9  6  53 28 
50 33 36 5  52 29 10 7  
86 seconds taken.
1  62 15 10 27 60 41 12 
16 19 64 61 14 11 28 59 
63 2  17 26 9  40 13 42 
18 25 20 39 4  47 58 29 
35 38 3  48 21 8  43 6  
24 49 36 53 46 5  30 57 
37 34 51 22 55 32 7  44 
50 23 54 33 52 45 56 31 
42 seconds taken.
1  16 13 36 51 22 11 26 
14 35 64 23 12 25 38 21 
17 2  15 52 37 50 27 10 
34 63 18 49 24 53 20 39 
61 48 3  54 19 28 9  56 
4  33 62 29 58 55 40 43 
47 60 31 6  45 42 57 8  
32 5  46 59 30 7  44 41 
26 seconds taken.
1  6  13 40 63 38 9  22 
16 41 64 7  12 23 62 37 
5  2  17 14 39 8  21 10 
42 15 4  29 24 11 36 61 
3  30 43 18 57 52 25 20 
44 47 56 53 28 19 60 35 
31 54 49 46 33 58 51 26 
48 45 32 55 50 27 34 59 
13 seconds taken.
1  62 43 12 45 16 21 14 
42 11 64 7  22 13 46 29 
63 2  61 44 17 30 15 20 
10 41 6  23 8  19 28 47 
3  60 9  18 5  24 31 34 
40 57 4  53 32 35 48 27 
59 52 55 38 25 50 33 36 
56 39 58 51 54 37 26 49 
9 seconds taken.
1  62 3  52 37 22 9  54 
4  51 64 61 10 53 36 21 
63 2  5  50 23 38 55 8  
32 49 60 11 6  35 20 39 
45 28 33 24 19 12 7  56 
48 31 46 59 34 15 40 13 
27 44 29 18 25 42 57 16 
30 47 26 43 58 17 14 41 
81 seconds taken.
1  22 41 6  63 46 53 44 
40 5  64 49 54 43 62 47 
21 2  23 42 7  48 45 52 
4  39 20 55 50 57 18 61 
27 24 3  8  19 60 51 58 
38 9  26 13 56 35 32 17 
25 28 11 36 15 30 59 34 
10 37 14 29 12 33 16 31 
108 seconds taken.
1  32 13 56 59 52 49 54 
14 57 64 31 12 55 60 51 
33 2  29 58 63 50 53 48 
20 15 36 11 30 27 44 61 
3  34 19 28 37 62 47 26 
16 21 38 35 10 45 8  43 
39 4  23 18 41 6  25 46 
22 17 40 5  24 9  42 7  
86 seconds taken.
1  32 61 54 43 30 7  58 
62 53 64 31 6  59 42 29 
33 2  55 60 23 44 57 8  
52 63 22 5  56 9  28 41 
3  34 51 14 21 24 45 10 
18 15 4  37 48 13 40 27 
35 50 17 20 25 38 11 46 
16 19 36 49 12 47 26 39 
48 seconds taken.
1  28 61 12 37 30 59 56 
62 11 64 29 60 57 36 31 
27 2  9  38 13 32 55 58 
10 63 22 33 8  39 50 35 
3  26 7  14 21 34 43 54 
18 15 4  23 40 51 46 49 
25 6  17 20 47 44 53 42 
16 19 24 5  52 41 48 45 
11 seconds taken.
1  36 7  30 63 32 25 28 
6  47 64 35 26 29 62 33 
37 2  5  8  31 34 27 24 
46 9  48 53 4  17 14 61 
49 38 3  16 13 54 23 18 
10 45 52 41 20 15 60 57 
39 50 43 12 55 58 19 22 
44 11 40 51 42 21 56 59 
37 seconds taken.
1  62 3  38 7  60 47 42 
4  37 64 61 46 41 8  59 
63 2  45 6  39 58 43 48 
36 5  28 57 44 9  40 23 
29 16 35 10 27 22 49 54 
34 11 32 15 56 53 24 21 
17 30 13 52 19 26 55 50 
12 33 18 31 14 51 20 25 
2 seconds taken.
1  10 13 36 63 34 25 22 
12 37 64 29 60 23 62 33 
9  2  11 14 35 26 21 24 
38 55 30 59 28 61 32 49 
3  8  15 54 31 50 27 20 
56 39 58 5  44 19 48 51 
7  4  41 16 53 46 43 18 
40 57 6  45 42 17 52 47 
38 seconds taken.
1  24 27 36 17 62 15 38 
26 35 64 3  20 37 18 61 
23 2  25 28 63 16 39 14 
34 29 6  21 4  19 60 57 
7  22 33 46 53 58 13 40 
30 49 52 5  10 43 56 59 
51 8  47 32 45 54 41 12 
48 31 50 9  42 11 44 55 
1 seconds taken.
1  22 45 8  47 4  61 10 
20 37 64 3  44 9  48 5  
23 2  21 46 7  62 11 60 
36 19 38 63 16 43 6  49 
39 24 17 32 53 28 59 12 
18 35 54 15 42 31 50 29 
25 40 33 56 27 52 13 58 
34 55 26 41 14 57 30 51 
2 seconds taken.
1  18 51 14 63 8  23 44 
52 15 64 7  22 43 62 9  
19 2  17 50 13 10 45 24 
16 53 12 21 6  49 42 61 
3  20 55 48 11 38 25 46 
54 33 30 5  56 47 60 41 
31 4  35 28 39 58 37 26 
34 29 32 57 36 27 40 59 
43 seconds taken.
1  62 39 12 47 16 43 14 
38 49 64 61 40 13 46 17 
63 2  9  48 11 44 15 42 
50 37 32 23 60 41 18 45 
3  8  51 10 33 24 59 26 
36 31 22 5  52 27 56 19 
7  4  29 34 21 54 25 58 
30 35 6  53 28 57 20 55 
148 seconds taken.
1  18 3  44 63 42 51 54 
4  45 64 41 50 53 62 39 
17 2  19 6  43 40 55 52 
46 5  16 49 32 7  38 61 
15 20 47 34 11 60 31 56 
26 23 12 59 48 33 8  37 
21 14 25 28 35 10 57 30 
24 27 22 13 58 29 36 9  
3 seconds taken.
1  26 43 30 63 24 47 52 
42 13 64 25 44 51 62 23 
27 2  31 14 29 46 53 48 
12 41 28 45 50 33 22 61 
3  8  15 32 37 60 49 54 
40 11 6  57 16 19 34 21 
7  4  9  38 59 36 55 18 
10 39 58 5  56 17 20 35 
54 seconds taken.
1  62 47 50 57 60 29 52 
46 49 64 61 30 51 56 59 
63 2  31 48 9  58 53 28 
32 45 12 3  34 55 10 19 
37 4  33 8  11 18 27 54 
44 13 38 35 40 25 20 23 
5  36 15 42 7  22 17 26 
14 43 6  39 16 41 24 21 
4 seconds taken.
1  62 3  48 45 50 37 40 
4  47 64 61 36 39 44 51 
63 2  5  46 49 60 41 38 
28 7  16 59 30 35 52 43 
17 58 29 6  15 42 31 34 
8  27 18 21 24 33 12 53 
57 20 25 10 55 14 23 32 
26 9  56 19 22 11 54 13 
75 seconds taken.
1  56 23 54 31 58 21 16 
24 53 64 57 22 15 32 59 
63 2  55 30 61 6  17 20 
52 25 62 5  14 19 60 33 
3  42 13 48 29 44 7  18 
26 51 4  43 10 47 34 37 
41 12 49 28 39 36 45 8  
50 27 40 11 46 9  38 35 
22 seconds taken.
1  14 61 24 59 16 53 50 
62 23 64 15 54 51 58 17 
13 2  25 60 27 56 49 52 
22 63 12 55 48 43 18 57 
3  34 21 26 19 28 47 38 
8  11 6  35 42 39 44 29 
33 4  9  20 31 46 37 40 
10 7  32 5  36 41 30 45 
16 seconds taken.
1  34 61 38 9  42 59 40 
62 37 64 3  60 39 8  43 
33 2  35 46 5  10 41 58 
36 63 4  31 56 7  44 11 
19 32 47 6  45 12 57 28 
48 51 18 55 30 27 24 13 
17 20 53 50 15 22 29 26 
52 49 16 21 54 25 14 23 
32 seconds taken.
1  32 41 62 19 34 15 38 
42 61 64 33 40 37 18 35 
31 2  29 20 63 16 39 14 
60 43 4  55 28 45 36 17 
3  30 59 44 21 50 13 46 
8  5  54 49 56 27 22 25 
53 58 7  10 51 24 47 12 
6  9  52 57 48 11 26 23 
26 seconds taken.
1  4  57 28 55 32 9  30 
58 45 64 3  8  29 54 33 
5  2  59 56 27 36 31 10 
44 63 46 7  60 53 34 37 
47 6  43 62 35 26 11 52 
18 15 20 49 42 61 38 25 
21 48 17 14 23 40 51 12 
16 19 22 41 50 13 24 39 
62 seconds taken.
1  52 31 56 63 58 33 48 
30 55 64 51 32 47 36 59 
53 2  29 62 57 34 49 46 
22 27 54 3  50 37 60 35 
25 4  23 28 61 10 45 14 
18 21 26 11 38 15 42 9  
5  24 19 16 7  40 13 44 
20 17 6  39 12 43 8  41 
6 seconds taken.
1  16 23 32 63 30 25 28 
44 33 64 17 24 27 62 19 
15 2  43 22 31 18 29 26 
34 45 8  3  42 51 20 61 
9  14 35 46 21 60 41 50 
36 7  56 11 4  47 52 59 
13 10 5  38 57 54 49 40 
6  37 12 55 48 39 58 53 
1 seconds taken.
1  24 53 60 63 22 55 8  
52 59 64 23 54 7  62 21 
25 2  5  58 61 20 9  56 
4  51 26 37 6  57 18 39 
27 34 3  14 19 38 45 10 
50 31 36 29 44 13 40 17 
35 28 33 48 15 42 11 46 
32 49 30 43 12 47 16 41 
108 seconds taken.
1  42 13 36 11 54 51 56 
14 35 64 43 38 57 10 53 
41 2  37 12 63 52 55 50 
34 15 44 39 32 49 58 9  
3  40 33 62 25 8  31 48 
22 19 16 45 6  47 28 59 
17 4  21 24 61 26 7  30 
20 23 18 5  46 29 60 27 
11 seconds taken.
1  6  41 38 63 8  43 46 
40 37 64 7  42 45 62 9  
5  2  39 14 11 60 47 44 
36 13 4  59 54 49 10 61 
3  58 15 12 21 26 53 48 
32 35 22 55 50 29 20 25 
57 16 33 30 23 18 27 52 
34 31 56 17 28 51 24 19 
34 seconds taken.
1  52 61 20 63 18 49 46 
60 21 64 39 50 47 14 17 
53 2  51 62 19 16 45 48 
22 59 40 27 38 13 32 15 
3  54 7  58 33 28 37 44 
6  23 4  41 26 31 12 29 
55 8  25 34 57 10 43 36 
24 5  56 9  42 35 30 11 
70 seconds taken.
1  14 3  38 63 36 55 42 
4  39 64 15 54 41 62 35 
13 2  45 40 37 52 43 56 
46 5  16 53 44 25 34 61 
17 12 47 6  51 32 57 24 
48 9  18 21 26 29 60 33 
11 20 7  50 31 58 23 28 
8  49 10 19 22 27 30 59 
35 seconds taken.
1  14 43 46 63 12 25 22 
44 47 64 13 26 23 62 11 
15 2  45 42 9  38 21 24 
48 41 8  37 20 27 10 61 
7  16 3  32 39 36 57 28 
52 49 40 19 4  31 60 35 
17 6  51 54 33 58 29 56 
50 53 18 5  30 55 34 59 
12 seconds taken.
1  42 3  54 51 56 7  16 
4  53 64 41 6  15 50 57 
43 2  5  52 55 58 17 8  
24 29 40 63 22 9  14 49 
39 44 23 10 33 48 59 18 
28 25 30 47 62 21 34 13 
45 38 27 32 11 36 19 60 
26 31 46 37 20 61 12 35 
35 seconds taken.
1  46 49 24 59 30 51 22 
48 25 64 29 50 23 60 31 
45 2  47 58 33 62 21 52 
26 57 34 63 28 53 32 61 
3  44 27 56 35 20 7  54 
12 15 42 17 6  55 36 39 
43 4  13 10 41 38 19 8  
14 11 16 5  18 9  40 37 
29 seconds taken.
1  62 27 58 43 20 25 48 
28 57 64 21 26 47 44 19 
63 2  61 42 59 24 49 46 
56 29 8  3  22 45 18 13 
33 4  41 60 9  14 23 50 
30 55 32 7  36 39 12 17 
5  34 53 40 15 10 51 38 
54 31 6  35 52 37 16 11 
45 seconds taken.
1  36 61 26 23 54 59 56 
62 27 64 53 60 57 24 21 
37 2  35 28 25 22 55 58 
34 63 38 7  52 29 20 15 
3  8  47 30 19 14 51 42 
46 33 6  39 48 43 16 13 
9  4  31 44 11 18 41 50 
32 45 10 5  40 49 12 17 
2 seconds taken.
1  46 61 6  63 44 13 8  
60 5  64 45 14 7  18 43 
47 2  15 62 17 24 9  12 
4  59 28 25 10 19 42 23 
27 48 3  16 55 22 11 20 
58 29 26 33 36 39 52 41 
49 34 31 56 51 54 21 38 
30 57 50 35 32 37 40 53 
2 seconds taken.
1  56 43 46 63 58 41 14 
44 29 64 57 42 13 62 59 
55 2  45 28 47 60 15 40 
30 27 24 3  12 17 22 61 
25 54 11 18 23 48 39 16 
34 31 26 51 4  37 6  21 
53 10 33 36 19 8  49 38 
32 35 52 9  50 5  20 7  
23 seconds taken.
1  40 23 6  63 52 55 44 
22 7  64 53 24 43 62 51 
39 2  41 10 5  54 45 56 
8  21 4  25 42 57 50 61 
3  38 9  58 11 60 15 46 
20 31 34 37 26 47 12 49 
33 36 29 18 59 14 27 16 
30 19 32 35 28 17 48 13 
53 seconds taken.
1  60 3  32 27 42 39 34 
4  31 64 43 62 33 26 41 
59 2  61 28 23 40 35 38 
30 5  44 63 46 37 52 25 
9  58 29 22 51 24 47 36 
6  21 8  45 16 49 14 53 
57 10 19 50 55 12 17 48 
20 7  56 11 18 15 54 13 
22 seconds taken.
1  62 25 30 55 60 23 32 
26 5  64 61 24 31 56 53 
63 2  29 20 59 54 33 22 
6  27 4  37 48 21 52 57 
3  10 41 28 19 58 47 34 
42 7  38 49 36 51 18 15 
11 40 9  44 13 16 35 46 
8  43 12 39 50 45 14 17 
15 seconds taken.
1  6  31 26 59 62 33 42 
30 25 64 7  32 43 58 61 
5  2  27 44 63 60 41 34 
24 29 4  55 8  45 10 57 
3  54 23 28 11 56 35 40 
22 13 20 17 38 9  46 49 
53 18 15 12 51 48 39 36 
14 21 52 19 16 37 50 47 
159 seconds taken.
1  58 3  42 63 60 7  44 
4  21 64 59 6  43 48 61 
57 2  5  22 41 62 45 8  
20 27 56 13 18 47 40 49 
55 32 19 28 23 14 9  46 
26 35 24 17 12 37 50 39 
31 54 33 36 29 52 15 10 
34 25 30 53 16 11 38 51 
18 seconds taken.
1  26 31 6  61 8  33 36 
30 5  64 27 32 35 40 9  
25 2  29 60 7  62 37 34 
20 51 4  63 28 39 10 41 
3  24 19 52 59 42 45 38 
50 21 16 13 44 11 58 55 
15 18 23 48 53 56 43 46 
22 49 14 17 12 47 54 57 
22 seconds taken.
1  60 31 48 63 50 29 26 
32 47 64 61 30 27 40 51 
59 2  15 46 49 62 25 28 
14 33 4  37 24 41 52 39 
3  58 13 16 45 38 9  22 
34 17 36 5  8  23 42 53 
57 6  19 12 55 44 21 10 
18 35 56 7  20 11 54 43 
3 seconds taken.
1  20 35 38 63 18 15 12 
36 39 64 19 14 11 62 17 
21 2  37 34 31 16 13 10 
40 49 30 23 42 9  32 61 
3  22 41 54 33 24 43 8  
48 29 50 25 6  55 60 57 
51 4  27 46 53 58 7  44 
28 47 52 5  26 45 56 59 
22 seconds taken.
1  50 3  62 45 48 9  18 
4  61 64 49 10 17 44 47 
51 2  11 6  63 46 19 8  
60 5  32 41 24 7  16 43 
33 52 59 12 31 42 25 20 
58 55 30 23 40 27 38 15 
53 34 57 28 13 36 21 26 
56 29 54 35 22 39 14 37 
34 seconds taken.
1  4  19 56 63 60 27 58 
20 17 64 3  26 57 52 61 
5  2  21 18 55 62 59 28 
22 35 16 25 46 51 44 53 
15 6  23 36 9  54 29 50 
34 39 8  47 24 45 10 43 
7  14 37 32 41 12 49 30 
38 33 40 13 48 31 42 11 
27 seconds taken.
1  4  61 36 43 10 45 40 
62 35 64 3  60 41 12 9  
5  2  37 42 11 44 39 46 
34 63 6  59 38 19 8  13 
27 58 23 20 7  14 47 18 
30 33 28 15 24 21 50 53 
57 26 31 22 55 52 17 48 
32 29 56 25 16 49 54 51 
27 seconds taken.
1  28 37 18 41 26 35 16 
38 31 64 27 36 17 42 25 
63 2  29 40 19 34 15 12 
30 39 32 3  48 13 24 43 
55 62 53 20 33 44 11 14 
52 59 56 47 4  49 8  23 
57 54 61 50 21 6  45 10 
60 51 58 5  46 9  22 7  
44 seconds taken.
1  36 3  60 63 34 47 16 
4  61 64 35 46 15 58 33 
37 2  5  62 59 48 17 14 
20 7  50 55 18 45 32 57 
51 38 19 6  49 56 13 44 
24 21 8  41 54 11 28 31 
39 52 23 26 9  30 43 12 
22 25 40 53 42 27 10 29 
165 seconds taken.
1  50 61 30 9  52 21 18 
62 57 64 51 22 19 10 53 
49 2  29 60 31 8  17 20 
58 63 56 7  28 23 54 11 
3  48 59 32 55 12 27 16 
42 45 6  13 24 39 34 37 
47 4  43 40 33 36 15 26 
44 41 46 5  14 25 38 35 
45 seconds taken.
1  18 3  52 11 16 31 42 
4  49 64 17 32 43 12 15 
19 2  51 10 53 14 41 30 
50 5  48 63 44 33 54 13 
47 20 45 34 9  38 29 40 
6  59 22 37 62 35 26 55 
21 46 61 8  57 24 39 28 
60 7  58 23 36 27 56 25 
18 seconds taken.
1  62 39 60 19 30 37 34 
40 59 64 31 38 35 18 29 
63 2  61 20 17 14 33 36 
58 41 16 49 32 21 28 13 
3  48 57 24 15 50 9  22 
42 55 44 47 6  23 12 27 
45 4  53 56 25 10 51 8  
54 43 46 5  52 7  26 11 
33 seconds taken.
1  62 27 38 43 48 31 46 
26 37 64 61 28 45 42 49 
63 2  35 44 39 32 47 30 
36 25 60 33 4  29 50 41 
59 34 3  12 21 40 5  10 
24 13 56 17 8  11 20 51 
55 58 15 22 53 18 9  6  
14 23 54 57 16 7  52 19 
0 seconds taken.
1  24 61 44 63 56 53 48 
60 43 64 23 46 49 14 55 
25 2  45 62 57 54 47 52 
42 59 22 3  50 13 32 15 
21 26 41 58 33 4  51 8  
36 39 34 5  12 9  16 31 
27 20 37 40 29 18 7  10 
38 35 28 19 6  11 30 17 
0 seconds taken.
1  60 31 20 13 16 29 18 
32 21 64 59 30 19 12 15 
61 2  57 34 11 14 17 28 
22 33 4  63 58 35 10 41 
3  62 23 56 5  40 27 36 
52 55 50 39 26 9  42 45 
49 24 53 6  47 44 37 8  
54 51 48 25 38 7  46 43 
19 seconds taken.
1  34 3  42 63 18 13 20 
4  41 64 35 14 21 44 17 
33 2  5  62 43 16 19 12 
40 61 36 15 54 11 22 45 
37 32 39 6  23 52 55 10 
60 29 24 53 26 7  46 49 
31 38 27 58 51 48 9  56 
28 59 30 25 8  57 50 47 
183 seconds taken.
1  22 61 18 59 50 45 48 
62 17 64 7  44 47 58 51 
21 2  23 60 19 6  49 46 
16 63 20 43 8  25 52 57 
3  34 15 24 5  56 9  26 
14 31 4  35 42 11 40 53 
33 36 29 12 55 38 27 10 
30 13 32 37 28 41 54 39 
16 seconds taken.
1  60 3  42 39 58 53 46 
4  41 64 59 52 45 38 57 
61 2  43 40 7  56 47 54 
22 5  16 63 44 51 8  37 
17 62 21 6  9  48 55 50 
26 23 28 15 20 13 36 33 
29 18 25 10 31 34 49 12 
24 27 30 19 14 11 32 35 
35 seconds taken.
1  48 61 54 63 18 21 52 
60 55 64 49 22 53 16 19 
47 2  23 62 17 20 51 14 
56 59 46 7  50 15 34 39 
3  24 57 42 35 40 13 30 
58 45 8  27 6  31 38 33 
25 4  43 10 41 36 29 12 
44 9  26 5  28 11 32 37 
117 seconds taken.
1  46 17 58 61 32 29 34 
18 59 64 45 16 35 62 31 
47 2  57 60 63 30 33 28 
56 19 6  15 44 27 36 13 
5  48 3  52 7  14 25 40 
20 55 8  43 26 39 12 37 
49 4  53 22 51 10 41 24 
54 21 50 9  42 23 38 11 
12 seconds taken.
1  62 3  30 17 34 5  32 
52 29 64 61 4  31 16 35 
63 2  51 26 37 18 33 6  
28 53 38 19 60 7  36 15 
39 20 27 50 25 14 59 44 
54 49 24 21 42 45 8  11 
23 40 47 56 13 10 43 58 
48 55 22 41 46 57 12 9  
37 seconds taken.
1  50 3  48 31 52 21 24 
4  29 64 51 22 25 46 53 
63 2  49 30 47 32 23 20 
28 5  62 43 26 19 54 45 
15 42 27 18 9  44 33 58 
6  39 16 61 36 57 10 55 
41 14 37 8  17 12 59 34 
38 7  40 13 60 35 56 11 
68 seconds taken.
1  28 39 14 63 30 41 44 
8  13 64 29 40 43 62 31 
27 2  9  38 15 24 45 42 
12 7  26 53 10 37 32 61 
3  52 11 16 25 46 23 36 
6  19 4  57 54 33 60 47 
51 56 17 20 49 58 35 22 
18 5  50 55 34 21 48 59 
49 seconds taken.
1  54 57 18 35 16 59 12 
56 19 64 53 58 13 34 15 
5  2  55 36 17 32 11 60 
20 63 4  7  52 61 14 33 
3  6  37 62 31 8  51 10 
38 21 40 25 28 49 44 47 
41 26 23 30 43 46 9  50 
22 39 42 27 24 29 48 45 
60 seconds taken.
1  20 35 24 33 52 61 58 
36 25 64 21 62 59 32 51 
19 2  23 34 53 30 57 60 
26 37 42 63 22 55 50 31 
3  18 27 54 41 48 29 56 
38 43 6  15 28 9  12 49 
17 4  45 40 7  14 47 10 
44 39 16 5  46 11 8  13 
30 seconds taken.
1  18 3  22 63 24 35 40 
4  21 64 25 34 41 62 45 
17 2  19 42 23 46 39 36 
20 5  26 33 48 37 44 61 
29 16 49 6  43 8  47 38 
50 13 30 27 32 55 60 57 
15 28 11 52 7  58 9  54 
12 51 14 31 10 53 56 59 
102 seconds taken.
1  36 51 10 63 12 41 44 
50 9  64 39 52 43 62 13 
37 2  35 8  11 40 45 42 
34 49 38 53 26 47 14 61 
3  30 19 48 7  54 25 46 
20 33 6  27 18 15 60 57 
29 4  31 22 55 58 17 24 
32 21 28 5  16 23 56 59 
3 seconds taken.
1  62 3  38 49 60 57 54 
36 47 64 61 4  55 50 59 
63 2  37 48 39 58 53 56 
46 35 30 5  42 23 12 51 
31 6  45 40 13 52 17 24 
34 29 32 43 18 41 22 11 
7  44 27 14 9  20 25 16 
28 33 8  19 26 15 10 21 
92 seconds taken.
1  22 3  8  63 52 25 40 
6  9  64 23 38 41 62 51 
21 2  7  4  53 24 39 26 
10 5  48 37 42 31 50 61 
47 20 11 54 49 36 27 32 
14 17 46 43 30 33 60 57 
19 44 15 12 55 58 35 28 
16 13 18 45 34 29 56 59 
5 seconds taken.
1  48 43 40 11 30 13 38 
44 41 64 49 14 39 10 29 
63 2  47 42 31 12 37 8  
58 45 32 15 50 9  28 17 
3  62 57 46 27 16 7  36 
56 59 26 33 6  51 18 21 
25 4  61 54 23 20 35 52 
60 55 24 5  34 53 22 19 
127 seconds taken.
1  40 3  60 63 42 19 56 
4  59 64 41 22 57 62 43 
39 2  25 58 61 18 55 20 
26 5  38 23 12 21 44 31 
37 24 27 48 17 30 11 54 
6  49 16 13 28 53 32 45 
15 36 51 8  47 34 29 10 
50 7  14 35 52 9  46 33 
65 seconds taken.
1  44 35 48 63 8  61 6  
36 47 64 3  34 5  50 9  
43 2  45 22 49 62 7  60 
46 37 20 53 4  33 10 51 
19 42 23 38 21 52 59 32 
24 39 26 29 54 57 14 11 
27 18 41 56 13 16 31 58 
40 25 28 17 30 55 12 15 
34 seconds taken.
1  58 3  54 63 60 15 52 
12 55 64 59 14 53 62 39 
57 2  13 4  61 38 51 16 
6  11 56 21 50 45 40 27 
33 22 5  44 37 26 17 46 
10 7  34 25 20 49 28 41 
23 32 9  36 43 30 47 18 
8  35 24 31 48 19 42 29 
5 seconds taken.
1  32 13 24 63 22 17 26 
14 11 64 31 16 25 62 21 
33 2  15 12 23 18 27 40 
10 5  34 45 30 39 20 61 
3  46 9  38 19 52 41 28 
6  35 4  55 44 29 60 51 
47 56 37 8  49 58 53 42 
36 7  48 57 54 43 50 59 
9 seconds taken.
1  34 51 40 53 30 55 42 
50 39 64 35 48 41 22 29 
33 2  49 52 31 54 43 56 
38 63 32 47 36 23 28 21 
3  6  37 14 27 46 57 44 
62 9  26 5  24 13 20 17 
7  4  11 60 15 18 45 58 
10 61 8  25 12 59 16 19 
161 seconds taken.
1  18 61 44 11 46 59 34 
62 43 64 17 60 33 10 47 
19 2  41 12 45 16 35 58 
42 63 50 15 32 57 48 9  
3  20 13 40 49 8  31 36 
26 23 4  51 14 39 56 7  
21 52 25 28 5  54 37 30 
24 27 22 53 38 29 6  55 
53 seconds taken.
1  34 5  40 63 24 59 22 
6  39 64 35 4  21 62 25 
33 2  37 20 41 60 23 58 
38 7  50 3  36 45 26 61 
9  32 19 46 15 42 57 44 
18 51 8  49 54 47 14 27 
31 10 53 16 29 12 43 56 
52 17 30 11 48 55 28 13 
3 seconds taken.
1  62 29 22 17 60 31 14 
28 23 64 61 30 15 20 59 
63 2  39 16 21 18 13 32 
24 27 50 3  40 33 58 19 
51 38 25 34 49 54 41 12 
26 7  4  53 44 57 48 55 
37 52 9  6  35 46 11 42 
8  5  36 45 10 43 56 47 
20 seconds taken.
1  28 3  62 9  30 35 20 
4  61 64 29 34 21 10 31 
51 2  27 8  63 32 19 36 
60 5  50 33 18 37 22 11 
49 52 7  26 43 12 17 14 
6  59 46 55 38 15 40 23 
53 48 57 44 25 42 13 16 
58 45 54 47 56 39 24 41 
7 seconds taken.
1  62 3  40 7  42 29 46 
4  39 64 59 28 45 8  43 
63 2  61 6  41 58 47 30 
38 5  22 27 60 49 44 9  
23 26 37 50 57 10 31 48 
36 21 24 13 16 51 56 53 
25 14 19 34 11 54 17 32 
20 35 12 15 18 33 52 55 
4 seconds taken.
1  16 53 48 63 46 21 56 
52 49 64 15 20 55 62 45 
17 2  51 54 47 44 57 22 
50 7  28 19 14 23 36 61 
27 18 3  32 37 60 43 58 
6  29 8  11 24 13 40 35 
9  26 31 4  33 38 59 42 
30 5  10 25 12 41 34 39 
22 seconds taken.
1  58 25 40 63 38 23 42 
26 61 64 57 24 41 10 37 
55 2  59 62 39 20 43 22 
60 27 56 7  4  9  36 11 
17 54 3  50 19 6  21 44 
28 49 18 5  8  33 12 35 
53 16 47 30 51 14 45 32 
48 29 52 15 46 31 34 13 
67 seconds taken.
1  26 35 44 37 42 49 52 
34 45 64 27 48 51 38 41 
25 2  47 36 43 40 53 50 
46 33 24 63 28 55 8  39 
3  62 29 56 7  12 19 54 
32 59 6  23 20 9  16 13 
61 4  57 30 11 14 21 18 
58 31 60 5  22 17 10 15 
17 seconds taken.
1  62 53 30 55 60 21 28 
52 31 64 61 40 29 56 59 
63 2  33 54 57 22 27 20 
32 51 46 41 34 39 58 23 
45 42 3  38 47 24 19 26 
50 9  44 35 6  37 16 13 
43 4  7  48 11 14 25 18 
8  49 10 5  36 17 12 15 
14 seconds taken.
1  50 33 24 13 52 31 26 
34 23 64 51 32 25 14 53 
49 2  35 12 63 42 27 30 
22 11 48 41 36 29 54 15 
3  40 7  62 47 16 43 28 
8  21 10 37 6  61 58 55 
39 4  19 46 59 56 17 44 
20 9  38 5  18 45 60 57 
23 seconds taken.
1  46 3  42 25 36 13 40 
4  43 64 37 14 41 34 27 
47 2  45 24 35 26 39 12 
44 5  48 63 38 15 28 33 
49 62 51 58 23 32 11 16 
6  59 22 19 52 29 56 31 
21 50 61 8  57 54 17 10 
60 7  20 53 18 9  30 55 
47 seconds taken.
1  62 49 42 17 4  51 54 
48 43 64 3  50 53 40 5  
63 2  61 16 41 18 55 52 
44 47 14 19 56 27 6  39 
13 60 45 34 15 38 23 28 
46 33 10 57 20 7  26 37 
59 12 31 8  35 24 29 22 
32 9  58 11 30 21 36 25 
182 seconds taken.
1  22 3  58 61 20 13 16 
4  59 64 21 14 17 62 19 
23 2  57 60 63 32 15 12 
38 5  24 33 56 51 18 31 
25 42 37 50 27 46 11 52 
6  39 26 55 34 49 30 47 
43 36 41 8  45 28 53 10 
40 7  44 35 54 9  48 29 
50 seconds taken.
1  36 33 18 63 16 23 20 
34 31 64 39 22 19 62 15 
37 2  35 32 17 40 21 24 
30 9  38 3  56 61 14 41 
47 4  29 8  13 54 25 60 
10 7  48 55 28 57 42 53 
49 46 5  12 51 44 59 26 
6  11 50 45 58 27 52 43 
3 seconds taken.
1  40 31 48 33 38 29 26 
42 47 64 39 30 27 34 37 
51 2  41 32 49 36 25 28 
46 43 50 63 24 59 12 35 
3  52 45 58 13 10 23 60 
44 55 18 5  62 7  14 11 
53 4  57 20 9  16 61 22 
56 19 54 17 6  21 8  15 
83 seconds taken.
1  16 45 60 63 14 47 30 
42 59 64 15 46 31 62 13 
17 2  41 44 61 12 29 48 
58 43 18 9  28 23 32 11 
3  40 7  36 19 10 49 24 
54 57 4  27 8  35 22 33 
39 6  55 52 37 20 25 50 
56 53 38 5  26 51 34 21 
163 seconds taken.
1  4  17 42 25 22 29 44 
18 41 64 3  30 43 26 23 
5  2  19 16 21 24 45 28 
40 63 6  31 14 27 58 49 
7  36 15 20 59 48 13 46 
62 39 32 53 10 55 50 57 
35 8  37 60 33 52 47 12 
38 61 34 9  54 11 56 51 
1 seconds taken.
1  44 31 48 63 54 23 50 
32 47 64 43 22 49 62 55 
45 2  41 30 53 20 51 24 
40 33 46 21 42 61 56 19 
3  14 39 34 29 52 25 60 
38 11 36 15 6  59 18 57 
13 4  9  28 35 16 7  26 
10 37 12 5  8  27 58 17 
153 seconds taken.
1  56 3  36 63 54 59 38 
4  35 64 55 58 37 62 53 
21 2  57 18 51 60 39 16 
34 5  20 29 44 17 52 61 
7  22 45 50 19 28 15 40 
46 33 6  43 30 49 12 27 
23 8  31 48 25 10 41 14 
32 47 24 9  42 13 26 11 
91 seconds taken.
1  56 51 12 37 4  41 10 
50 13 64 3  52 11 38 5  
55 2  57 36 63 40 9  42 
58 49 14 53 22 27 6  39 
15 54 23 62 35 8  43 28 
48 59 16 31 26 21 34 7  
17 24 61 46 19 32 29 44 
60 47 18 25 30 45 20 33 
21 seconds taken.
1  54 17 22 63 56 33 36 
16 21 64 55 32 35 62 57 
53 2  23 18 5  58 37 34 
20 15 4  59 24 31 6  61 
3  52 19 30 45 60 25 38 
14 29 12 51 26 41 46 7  
11 50 27 44 9  48 39 42 
28 13 10 49 40 43 8  47 
74 seconds taken.
1  22 27 50 63 20 39 60 
28 51 64 21 26 61 12 19 
23 2  25 62 49 40 59 38 
52 29 4  41 36 11 18 13 
3  24 53 10 17 48 37 58 
30 9  42 5  56 35 14 47 
43 54 7  32 45 16 57 34 
8  31 44 55 6  33 46 15 
8 seconds taken.
1  16 13 62 29 20 11 56 
14 61 64 19 12 57 28 21 
17 2  15 30 63 32 55 10 
60 49 18 41 58 27 22 33 
3  42 59 50 31 34 9  54 
48 45 40 37 6  53 26 23 
39 4  43 46 51 24 35 8  
44 47 38 5  36 7  52 25 
13 seconds taken.
1  18 23 60 63 16 47 50 
24 59 64 17 46 49 62 15 
19 2  45 22 61 8  51 48 
58 25 20 7  52 39 14 9  
3  6  57 44 21 10 53 40 
26 31 28 5  34 43 38 13 
29 4  33 56 11 36 41 54 
32 27 30 35 42 55 12 37 
55 seconds taken.
1  62 3  50 39 60 43 48 
26 51 64 61 42 49 38 59 
63 2  25 4  53 40 47 44 
24 27 52 41 46 37 58 9  
29 14 23 54 5  10 45 36 
20 17 28 13 32 35 8  57 
15 30 19 22 55 6  11 34 
18 21 16 31 12 33 56 7  
71 seconds taken.
1  8  27 32 63 6  25 20 
28 31 64 7  26 19 62 5  
9  2  11 30 33 4  21 24 
12 29 38 3  56 23 18 61 
39 10 13 34 17 60 55 22 
14 37 46 49 52 57 44 59 
47 40 35 16 45 42 51 54 
36 15 48 41 50 53 58 43 
20 seconds taken.
1  38 15 20 63 36 45 12 
16 21 64 37 44 13 52 35 
39 2  19 14 33 62 11 46 
22 17 60 43 10 51 34 53 
59 40 3  18 61 32 47 50 
4  23 42 27 48 9  54 31 
41 58 25 6  29 56 49 8  
24 5  28 57 26 7  30 55 
11 seconds taken.
1  56 3  36 63 58 39 22 
4  35 64 57 38 21 62 59 
55 2  37 14 19 60 23 40 
34 5  18 29 42 13 20 61 
17 54 33 6  15 28 41 24 
48 51 16 27 30 43 12 9  
53 32 49 46 7  10 25 44 
50 47 52 31 26 45 8  11 
70 seconds taken.
1  62 23 16 55 50 25 52 
22 17 64 29 24 53 56 49 
63 2  61 54 15 58 51 26 
18 21 30 59 28 11 48 57 
3  60 19 10 39 14 27 12 
20 31 42 35 6  9  38 47 
43 4  33 40 45 36 13 8  
32 41 44 5  34 7  46 37 
7 seconds taken.
1  12 35 48 59 14 37 46 
34 31 64 13 36 47 58 15 
11 2  5  32 49 60 45 38 
30 33 50 63 4  57 16 61 
51 10 3  6  23 62 39 44 
26 29 22 9  42 7  56 17 
21 52 27 24 19 54 43 40 
28 25 20 53 8  41 18 55 
8 seconds taken.
1  46 27 8  63 48 25 22 
28 9  64 47 26 23 54 49 
45 2  7  62 53 50 21 24 
10 29 44 3  60 55 36 51 
43 6  61 14 37 52 59 20 
30 11 4  17 56 33 38 35 
5  42 13 32 15 40 19 58 
12 31 16 41 18 57 34 39 
26 seconds taken.
1  62 45 8  47 60 27 52 
44 9  64 61 26 51 48 59 
63 2  7  46 31 28 53 50 
10 43 30 25 6  49 58 33 
3  24 5  42 29 32 19 54 
14 11 38 23 20 55 34 57 
39 4  13 16 41 36 21 18 
12 15 40 37 22 17 56 35 
47 seconds taken.
1  60 17 38 35 58 19 22 
16 37 64 59 18 21 34 57 
61 2  39 36 63 10 23 20 
40 15 62 31 12 45 56 33 
3  50 13 44 9  32 11 24 
14 41 30 49 46 25 8  55 
51 4  43 28 53 6  47 26 
42 29 52 5  48 27 54 7  
19 seconds taken.
1  62 23 18 37 56 25 54 
22 35 64 61 24 53 38 57 
63 2  17 36 19 58 55 26 
34 21 60 5  32 27 52 39 
3  16 33 20 59 40 31 28 
10 13 4  43 6  29 48 51 
15 44 11 8  49 46 41 30 
12 9  14 45 42 7  50 47 
5 seconds taken.
1  62 27 16 45 14 29 18 
26 37 64 61 28 17 46 13 
63 2  25 44 15 12 19 30 
36 43 38 11 60 47 58 9  
3  24 35 48 39 10 31 20 
42 51 54 23 34 59 8  57 
53 4  49 40 55 6  21 32 
50 41 52 5  22 33 56 7  
11 seconds taken.
1  62 29 16 41 12 31 10 
28 17 64 61 30 9  40 13 
63 2  27 8  15 42 11 32 
26 7  18 45 60 39 14 43 
3  46 59 22 55 44 33 38 
58 25 6  19 36 21 54 51 
47 4  23 56 49 52 37 34 
24 57 48 5  20 35 50 53 
107 seconds taken.
1  28 39 56 63 60 41 58 
38 55 64 29 40 57 62 5  
27 2  37 34 61 4  59 42 
54 33 8  3  30 35 6  17 
9  26 31 36 7  16 43 14 
32 53 48 11 50 13 18 21 
25 10 51 46 23 20 15 44 
52 47 24 49 12 45 22 19 
131 seconds taken.
1  46 13 44 63 8  19 22 
14 43 64 7  18 21 62 9  
47 2  45 12 33 10 23 20 
42 15 4  17 6  61 28 35 
3  48 41 32 11 34 59 24 
54 51 16 5  60 27 36 29 
49 40 53 56 31 38 25 58 
52 55 50 39 26 57 30 37 
51 seconds taken.
1  6  53 56 19 8  51 14 
54 57 64 7  52 13 20 9  
5  2  55 18 31 10 15 50 
58 63 32 3  16 29 12 21 
33 4  17 30 11 22 49 46 
62 59 40 43 36 47 28 25 
41 34 61 38 23 26 45 48 
60 39 42 35 44 37 24 27 
16 seconds taken.
1  24 49 38 27 62 7  10 
48 37 64 25 6  9  28 61 
23 2  39 50 63 26 11 8  
36 47 58 5  40 51 60 29 
3  22 35 52 59 56 41 12 
46 19 4  57 16 13 30 55 
21 34 17 44 53 32 15 42 
18 45 20 33 14 43 54 31 
52 seconds taken.
1  16 5  18 63 24 59 22 
6  19 64 15 4  21 62 25 
43 2  17 20 9  60 23 58 
32 7  44 3  14 51 26 61 
45 42 31 8  27 10 57 52 
30 33 40 37 54 13 50 11 
41 46 35 28 39 48 53 56 
34 29 38 47 36 55 12 49 
78 seconds taken.
1  6  3  46 63 42 17 22 
4  47 64 41 16 23 62 43 
7  2  5  24 45 40 21 18 
48 29 8  39 20 15 44 61 
9  54 11 30 25 60 19 14 
28 49 38 53 12 31 34 59 
55 10 51 26 57 36 13 32 
50 27 56 37 52 33 58 35 
61 seconds taken.
1  14 61 30 57 28 59 24 
62 11 64 13 60 25 56 27 
15 2  31 10 29 58 23 8  
32 63 12 3  34 9  26 55 
49 16 33 36 43 54 7  22 
40 37 50 19 4  35 44 53 
17 48 39 42 51 46 21 6  
38 41 18 47 20 5  52 45 
87 seconds taken.
1  26 43 8  39 62 37 6  
42 9  64 27 44 7  46 61 
25 2  11 40 63 38 5  36 
10 41 52 3  28 45 60 47 
21 24 29 12 51 4  35 56 
30 15 22 53 18 57 48 59 
23 20 17 32 13 50 55 34 
16 31 14 19 54 33 58 49 
24 seconds taken.
1  10 25 46 57 12 23 44 
26 47 64 11 24 45 20 13 
9  2  7  56 5  58 43 22 
48 27 4  63 38 21 14 19 
3  8  37 6  55 18 59 42 
52 49 28 39 62 15 32 17 
29 36 51 54 31 34 41 60 
50 53 30 35 40 61 16 33 
45 seconds taken.
1  54 3  16 59 56 33 36 
4  29 64 55 32 35 60 57 
53 2  17 30 15 58 37 34 
18 5  28 63 20 31 14 61 
43 52 19 46 27 62 21 38 
6  49 44 41 22 11 26 13 
51 42 47 8  45 24 39 10 
48 7  50 23 40 9  12 25 
32 seconds taken.
1  48 21 6  19 60 15 8  
22 5  64 59 16 7  12 61 
47 2  49 20 63 18 9  14 
50 23 4  17 58 13 62 11 
3  46 51 42 27 10 57 40 
24 43 34 37 54 41 28 31 
35 52 45 26 33 30 39 56 
44 25 36 53 38 55 32 29 
4 seconds taken.
1  60 29 56 27 12 51 54 
30 57 64 59 52 55 26 13 
61 2  31 28 11 14 53 50 
32 37 58 63 20 25 16 9  
3  62 33 38 15 10 49 24 
36 43 40 21 46 19 8  17 
41 4  45 34 39 6  23 48 
44 35 42 5  22 47 18 7  
13 seconds taken.
1  32 57 28 63 30 43 48 
56 27 64 31 58 49 62 41 
33 2  25 50 29 42 47 44 
26 55 16 59 46 23 40 61 
3  34 51 24 15 60 45 22 
54 17 4  7  20 9  12 39 
35 6  19 52 37 14 21 10 
18 53 36 5  8  11 38 13 
5 seconds taken.
1  30 61 52 17 32 19 22 
62 51 64 31 24 21 16 33 
29 2  53 60 35 18 23 20 
54 63 50 25 44 37 34 15 
3  28 55 36 59 26 43 38 
56 49 6  27 40 45 14 11 
7  4  47 58 9  12 39 42 
48 57 8  5  46 41 10 13 
20 seconds taken.
1  30 3  34 63 60 23 48 
4  35 64 29 22 49 62 59 
31 2  33 38 61 24 47 50 
36 5  16 21 28 39 58 25 
17 32 37 40 15 26 51 46 
6  41 8  27 20 55 12 57 
9  18 43 54 11 14 45 52 
42 7  10 19 44 53 56 13 
76 seconds taken.
1  62 23 48 57 60 19 50 
24 31 64 61 20 49 56 59 
63 2  47 22 45 58 51 18 
32 25 30 3  16 21 44 55 
29 4  33 46 43 54 17 52 
26 41 28 37 34 15 12 9  
5  36 39 42 7  10 53 14 
40 27 6  35 38 13 8  11 
3 seconds taken.
1  34 3  36 63 38 41 50 
4  7  64 19 52 49 62 39 
33 2  35 6  37 40 51 42 
8  5  20 11 18 53 48 61 
21 32 9  54 47 12 43 16 
26 29 24 13 10 17 60 57 
31 22 27 46 55 58 15 44 
28 25 30 23 14 45 56 59 
23 seconds taken.
1  12 29 6  63 54 59 56 
28 7  64 11 4  57 62 53 
13 2  5  30 39 60 55 58 
8  27 40 3  10 35 52 61 
41 14 9  44 31 38 21 36 
26 45 42 17 20 49 34 51 
15 18 47 24 43 32 37 22 
46 25 16 19 48 23 50 33 
79 seconds taken.
1  50 45 22 63 4  7  42 
46 21 64 3  44 41 62 5  
51 2  49 20 23 6  43 8  
18 47 52 31 40 29 24 61 
53 32 19 48 57 26 9  28 
14 17 56 39 30 37 60 25 
33 54 15 12 35 58 27 10 
16 13 34 55 38 11 36 59 
167 seconds taken.
1  18 61 24 63 20 5  8  
60 25 64 19 4  7  42 21 
17 2  11 62 23 40 9  6  
26 59 52 3  10 43 22 41 
51 16 33 12 53 48 39 44 
34 27 58 49 32 45 54 47 
15 50 29 36 13 56 31 38 
28 35 14 57 30 37 46 55 
23 seconds taken.
1  62 15 40 31 34 13 42 
16 37 64 61 14 41 30 33 
63 2  39 50 35 32 43 12 
38 17 36 27 60 51 48 29 
3  22 59 52 49 28 11 44 
56 53 18 23 26 45 8  47 
21 4  55 58 19 6  25 10 
54 57 20 5  24 9  46 7  
15 seconds taken.
1  36 3  48 19 34 61 30 
4  47 64 35 28 31 20 33 
37 2  5  18 49 62 29 60 
46 15 38 63 10 27 32 21 
39 6  11 50 17 22 59 26 
14 45 16 9  42 25 56 53 
7  40 43 12 51 54 23 58 
44 13 8  41 24 57 52 55 
65 seconds taken.
1  52 3  54 9  36 59 56 
4  15 64 35 58 55 8  37 
51 2  53 10 7  26 57 60 
16 5  14 63 34 61 38 27 
13 50 33 6  11 44 25 40 
20 17 12 43 62 39 28 45 
49 32 19 22 47 30 41 24 
18 21 48 31 42 23 46 29 
0 seconds taken.
1  36 9  26 63 38 41 6  
10 25 64 37 4  7  62 39 
35 2  11 8  27 40 5  42 
24 13 54 3  22 43 28 61 
53 34 23 12 17 60 21 44 
14 55 18 51 20 45 48 29 
33 52 57 16 31 50 59 46 
56 15 32 19 58 47 30 49 
11 seconds taken.
1  16 45 22 59 50 43 38 
18 23 64 49 44 37 60 51 
15 2  17 46 21 58 39 42 
24 19 48 63 36 41 52 61 
3  14 35 20 47 62 57 40 
34 25 4  11 30 55 6  53 
13 10 27 32 5  8  29 56 
26 33 12 9  28 31 54 7  
75 seconds taken.
1  12 61 30 33 46 59 28 
62 31 64 11 60 29 34 47 
13 2  53 32 45 4  27 58 
54 63 10 3  56 35 48 43 
9  14 55 52 5  44 57 26 
20 17 6  39 36 25 42 49 
15 8  19 22 51 40 37 24 
18 21 16 7  38 23 50 41 
16 seconds taken.
1  56 3  24 63 58 35 22 
4  25 64 57 34 23 62 59 
55 2  5  10 7  60 21 36 
26 11 54 39 28 33 8  61 
53 42 27 6  9  20 37 32 
12 45 40 29 38 17 48 19 
41 52 43 14 47 50 31 16 
44 13 46 51 30 15 18 49 
31 seconds taken.
1  62 19 60 45 40 21 24 
18 59 64 39 20 23 46 35 
63 2  61 44 41 36 25 22 
58 17 52 3  38 43 34 47 
53 4  57 42 51 30 37 26 
16 7  54 29 10 13 48 33 
5  56 9  14 31 50 27 12 
8  15 6  55 28 11 32 49 
37 seconds taken.
1  6  21 50 19 8  23 26 
48 51 64 7  22 25 18 11 
5  2  49 20 9  12 27 24 
52 47 4  63 54 17 10 61 
3  36 53 16 13 62 41 28 
46 33 14 37 40 55 60 57 
35 38 31 44 15 58 29 42 
32 45 34 39 30 43 56 59 
24 seconds taken.
1  62 19 58 17 34 25 56 
20 47 64 61 24 57 16 33 
63 2  59 18 35 44 55 26 
48 21 46 43 60 23 32 15 
3  42 5  22 45 36 27 54 
6  49 40 37 10 29 14 31 
41 4  51 8  39 12 53 28 
50 7  38 11 52 9  30 13 
66 seconds taken.
1  62 3  56 31 60 7  38 
10 55 64 61 8  37 30 59 
63 2  9  4  57 32 39 6  
54 11 44 27 36 5  58 29 
45 26 53 12 49 28 33 40 
52 23 48 43 20 35 18 15 
25 46 21 50 13 16 41 34 
22 51 24 47 42 19 14 17 
67 seconds taken.
1  6  3  48 63 58 19 50 
4  47 64 59 18 49 54 57 
7  2  5  46 55 62 51 20 
40 45 60 17 30 35 56 53 
13 8  41 36 61 52 21 34 
44 39 12 31 16 29 24 27 
9  14 37 42 11 26 33 22 
38 43 10 15 32 23 28 25 
27 seconds taken.
1  62 31 8  47 4  29 26 
32 9  64 3  30 27 48 5  
63 2  61 46 7  44 25 28 
10 33 14 19 12 59 6  49 
15 20 11 60 45 24 43 58 
36 39 34 13 18 55 50 53 
21 16 37 40 23 52 57 42 
38 35 22 17 56 41 54 51 
14 seconds taken.
1  48 27 8  11 50 29 52 
26 9  64 49 28 53 12 17 
47 2  55 10 7  18 51 30 
56 25 6  63 54 39 16 13 
5  46 3  24 19 14 31 40 
60 57 62 43 38 21 34 15 
45 4  59 20 23 36 41 32 
58 61 44 37 42 33 22 35 
53 seconds taken.
1  18 31 12 59 10 61 34 
30 13 64 17 62 33 58 9  
19 2  29 32 11 60 35 38 
14 45 20 63 16 37 8  57 
3  28 15 46 7  56 39 36 
44 25 6  21 54 41 52 49 
27 4  23 42 47 50 55 40 
24 43 26 5  22 53 48 51 
13 seconds taken.
1  34 11 48 39 36 13 22 
10 49 64 35 12 23 46 37 
33 2  57 40 47 38 21 14 
56 9  50 63 20 59 24 45 
3  32 19 58 41 28 15 60 
8  55 6  51 62 25 44 27 
31 4  53 18 29 42 61 16 
54 7  30 5  52 17 26 43 
139 seconds taken.
1  26 21 40 63 36 19 38 
24 43 64 17 20 39 62 35 
27 2  25 22 41 18 37 52 
44 23 42 59 16 53 34 61 
3  28 45 10 57 60 51 12 
46 9  58 15 6  11 54 33 
29 4  7  48 31 56 13 50 
8  47 30 5  14 49 32 55 
78 seconds taken.
1  4  29 6  25 8  27 48 
30 37 64 3  28 49 24 9  
63 2  5  52 7  26 47 50 
36 31 38 41 46 51 10 23 
39 62 35 14 53 22 45 20 
32 15 40 59 42 19 54 11 
61 58 17 34 13 56 21 44 
16 33 60 57 18 43 12 55 
16 seconds taken.
1  34 27 30 41 36 25 22 
28 43 64 35 26 23 40 37 
33 2  29 42 31 38 21 24 
44 9  32 63 12 19 56 39 
3  62 13 10 55 50 17 20 
8  45 6  51 18 11 54 57 
61 4  47 14 59 52 49 16 
46 7  60 5  48 15 58 53 
8 seconds taken.
1  32 3  30 27 34 11 14 
4  29 64 33 16 13 26 35 
63 2  31 28 7  10 15 12 
48 5  56 9  46 17 36 25 
57 62 47 6  55 8  21 44 
52 49 60 41 18 45 24 37 
61 58 51 54 39 22 43 20 
50 53 40 59 42 19 38 23 
2 seconds taken.
1  28 15 46 63 24 13 60 
16 47 64 27 14 61 10 25 
29 2  45 62 23 26 59 12 
48 17 4  35 44 11 22 9  
3  30 39 18 5  34 43 58 
38 49 36 55 52 19 8  21 
31 54 51 40 33 6  57 42 
50 37 32 53 56 41 20 7  
8 seconds taken.
1  26 17 14 39 36 19 22 
16 13 64 25 18 21 38 35 
27 2  15 58 37 40 23 20 
12 7  46 63 24 57 34 51 
3  28 59 8  45 52 41 56 
6  11 4  47 62 55 50 33 
29 60 9  44 31 48 53 42 
10 5  30 61 54 43 32 49 
32 seconds taken.
1  18 15 6  11 36 55 40 
16 5  64 35 14 39 10 37 
19 2  17 12 7  54 41 56 
50 63 4  53 34 13 38 9  
3  20 51 46 29 8  57 42 
62 49 30 33 52 45 28 25 
21 32 47 60 23 26 43 58 
48 61 22 31 44 59 24 27 
38 seconds taken.
1  26 11 62 7  24 9  48 
12 61 64 25 10 49 6  23 
27 2  59 44 63 8  47 50 
60 13 28 3  46 43 22 5  
29 38 45 58 17 4  51 42 
14 35 18 39 32 57 54 21 
37 30 33 16 19 52 41 56 
34 15 36 31 40 55 20 53 
33 seconds taken.
1  58 3  20 47 60 5  22 
10 19 64 59 4  21 46 61 
57 2  9  48 33 62 23 6  
18 11 34 63 8  25 32 45 
35 56 49 26 31 44 7  24 
14 17 12 53 50 27 40 43 
55 36 15 30 41 38 51 28 
16 13 54 37 52 29 42 39 
142 seconds taken.
1  42 61 24 63 46 37 16 
60 25 64 41 38 15 10 47 
43 2  23 62 45 40 17 36 
26 59 44 39 14 11 48 9  
3  22 13 58 49 54 35 18 
30 27 50 21 12 57 8  55 
51 4  29 32 53 6  19 34 
28 31 52 5  20 33 56 7  
15 seconds taken.
1  62 19 24 17 52 49 22 
28 25 64 61 20 23 16 51 
63 2  27 18 53 50 21 48 
26 29 12 3  60 55 10 15 
37 4  39 54 11 14 47 56 
30 33 36 13 40 59 44 9  
5  38 31 34 7  42 57 46 
32 35 6  41 58 45 8  43 
24 seconds taken.
1  4  43 58 63 52 45 50 
42 35 64 3  44 49 62 53 
5  2  57 34 59 54 51 46 
36 41 6  55 48 33 16 61 
7  56 37 26 17 60 47 32 
40 27 18 21 10 13 24 15 
19 8  29 38 25 22 31 12 
28 39 20 9  30 11 14 23 
13 seconds taken.
1  4  27 56 49 54 25 22 
28 57 64 3  26 23 50 53 
63 2  5  48 55 52 21 24 
58 29 62 7  12 47 34 51 
61 6  59 46 33 8  13 20 
30 45 40 11 42 19 16 35 
39 60 43 32 37 14 9  18 
44 31 38 41 10 17 36 15 
199 seconds taken.
1  12 3  18 45 54 21 24 
4  17 64 13 20 23 44 53 
11 2  19 46 55 48 25 22 
16 5  10 63 14 27 52 43 
9  62 15 36 47 56 49 26 
32 35 6  59 28 51 42 39 
61 8  33 30 37 40 57 50 
34 31 60 7  58 29 38 41 
41 seconds taken.
1  52 61 54 63 32 39 36 
60 55 64 31 38 35 48 33 
51 2  53 62 49 46 37 40 
56 59 50 17 30 7  34 47 
3  26 57 22 45 18 41 8  
58 23 16 29 6  11 44 19 
27 4  25 14 21 42 9  12 
24 15 28 5  10 13 20 43 
118 seconds taken.
1  54 9  18 11 20 35 16 
8  5  64 55 34 17 12 21 
53 2  7  10 19 56 15 36 
6  63 4  33 28 37 22 13 
3  52 27 62 57 14 29 38 
46 49 44 41 32 25 60 23 
51 42 47 26 61 58 39 30 
48 45 50 43 40 31 24 59 
71 seconds taken.
1  6  35 18 63 60 23 20 
34 17 64 7  22 19 62 59 
5  2  33 36 61 54 21 24 
16 37 4  45 8  25 58 55 
3  44 15 32 53 56 47 26 
38 41 12 9  46 29 50 57 
43 10 39 14 31 52 27 48 
40 13 42 11 28 49 30 51 
42 seconds taken.
1  50 3  52 63 18 41 12 
4  53 64 19 40 13 60 17 
49 2  51 14 59 62 11 42 
54 5  58 39 20 43 16 61 
57 48 55 34 15 38 21 10 
6  31 28 47 44 9  24 37 
29 56 33 8  35 26 45 22 
32 7  30 27 46 23 36 25 
1 seconds taken.
1  6  9  60 63 28 33 24 
8  59 64 27 22 25 62 29 
5  2  7  10 61 32 23 34 
58 11 4  39 26 21 30 51 
3  40 57 20 31 50 35 46 
12 15 18 43 38 47 52 49 
41 56 13 16 19 54 45 36 
14 17 42 55 44 37 48 53 
30 seconds taken.
1  40 27 56 63 60 29 58 
26 55 64 41 28 57 62 49 
39 2  53 24 61 48 59 30 
54 25 4  47 42 31 50 15 
3  38 21 52 23 14 43 32 
8  5  10 35 46 51 16 13 
37 20 7  22 11 18 33 44 
6  9  36 19 34 45 12 17 
28 seconds taken.
1  20 39 54 63 58 37 56 
40 53 64 21 38 55 62 49 
29 2  19 52 59 50 57 36 
4  41 30 27 22 11 48 61 
31 28 3  18 51 60 35 10 
42 5  26 23 34 47 12 15 
25 32 7  44 17 14 9  46 
6  43 24 33 8  45 16 13 
27 seconds taken.
1  62 59 30 13 52 11 56 
60 31 64 51 58 55 28 53 
63 2  61 14 29 12 57 10 
32 43 16 45 50 21 54 27 
17 46 3  42 15 26 9  38 
4  33 44 49 20 39 22 25 
47 18 35 6  41 24 37 8  
34 5  48 19 36 7  40 23 
28 seconds taken.
1  48 41 14 11 46 43 20 
40 13 64 47 42 21 10 45 
49 2  39 12 15 44 19 22 
38 63 16 27 18 33 56 9  
3  50 61 34 57 28 23 32 
62 37 58 17 26 31 8  55 
51 4  35 60 53 6  29 24 
36 59 52 5  30 25 54 7  
43 seconds taken.
1  24 59 56 63 14 29 54 
60 45 64 25 58 55 38 13 
23 2  57 62 15 30 53 28 
46 61 44 31 26 39 12 37 
43 22 3  16 33 18 27 52 
4  47 32 19 40 9  36 11 
21 42 49 6  17 34 51 8  
48 5  20 41 50 7  10 35 
3 seconds taken.
1  40 29 16 27 38 33 54 
30 15 64 39 32 55 26 37 
41 2  31 28 17 36 53 34 
14 63 4  61 56 51 6  25 
3  42 13 18 5  24 35 52 
12 19 62 57 60 7  50 47 
43 58 21 10 45 48 23 8  
20 11 44 59 22 9  46 49 
37 seconds taken.
1  10 45 6  41 38 47 56 
44 5  64 11 46 55 36 39 
9  2  7  42 37 40 57 48 
4  43 32 63 12 49 54 35 
31 8  3  50 19 34 13 58 
22 25 28 33 62 59 16 53 
27 30 23 20 51 18 61 14 
24 21 26 29 60 15 52 17 
28 seconds taken.
1  20 3  14 43 56 7  12 
4  15 64 19 6  13 42 57 
21 2  5  44 55 36 11 8  
16 63 22 35 18 9  58 41 
23 34 17 62 45 54 37 10 
28 31 26 53 50 47 40 59 
33 24 29 46 61 38 51 48 
30 27 32 25 52 49 60 39 
108 seconds taken.
1  10 3  34 63 58 7  22 
32 35 64 9  4  23 62 57 
11 2  33 24 59 8  21 6  
36 31 26 13 16 5  56 61 
49 12 37 30 25 60 15 20 
38 27 50 17 14 41 44 55 
51 48 29 40 53 46 19 42 
28 39 52 47 18 43 54 45 
11 seconds taken.
1  52 35 58 63 44 33 46 
36 55 64 51 34 47 60 43 
53 2  57 48 59 62 45 32 
56 37 54 25 50 31 42 61 
3  24 49 30 41 26 11 14 
38 17 40 21 12 15 8  27 
23 4  19 16 29 6  13 10 
18 39 22 5  20 9  28 7  
0 seconds taken.
1  62 49 14 53 16 47 58 
50 13 64 3  48 59 54 17 
63 2  61 52 15 6  57 46 
12 51 4  7  60 41 18 55 
25 8  29 42 5  56 45 40 
30 11 24 37 28 43 34 19 
23 26 9  32 21 36 39 44 
10 31 22 27 38 33 20 35 
3 seconds taken.
1  42 3  44 37 40 31 52 
4  7  64 41 32 51 36 39 
63 2  43 6  45 38 53 30 
8  5  18 33 58 25 50 35 
19 62 13 46 17 34 29 54 
12 9  16 59 26 57 24 49 
61 20 11 14 47 22 55 28 
10 15 60 21 56 27 48 23 
26 seconds taken.
1  20 45 22 25 18 47 12 
44 61 64 19 46 13 24 17 
63 2  21 14 23 26 11 48 
60 43 62 35 58 9  16 27 
3  34 59 42 15 28 49 10 
38 41 36 57 54 51 8  29 
33 4  39 52 31 6  55 50 
40 37 32 5  56 53 30 7  
13 seconds taken.
1  36 15 34 17 40 45 50 
14 33 64 37 44 49 18 41 
63 2  35 16 39 42 51 46 
32 13 38 43 48 27 6  19 
3  62 31 56 5  52 47 26 
12 59 4  23 28 7  20 53 
61 30 57 10 55 22 25 8  
58 11 60 29 24 9  54 21 
10 seconds taken.
1  52 45 24 47 30 17 22 
44 25 64 51 18 23 48 29 
53 2  43 46 31 50 21 16 
42 63 26 7  58 19 28 49 
5  54 3  32 27 36 15 20 
62 41 6  57 8  59 12 35 
55 4  39 60 33 10 37 14 
40 61 56 9  38 13 34 11 
107 seconds taken.
1  52 31 44 63 42 29 48 
32 45 64 53 30 47 62 41 
19 2  51 46 43 54 49 28 
6  33 20 55 50 13 40 61 
3  18 5  14 21 56 27 12 
34 7  22 57 24 37 60 39 
17 4  9  36 15 58 11 26 
8  35 16 23 10 25 38 59 
31 seconds taken.
1  26 3  46 53 24 57 14 
4  47 64 25 56 13 54 23 
27 2  49 52 45 58 15 12 
48 5  28 63 50 55 22 17 
29 62 51 44 59 16 11 40 
6  35 60 37 32 41 18 21 
61 30 33 8  43 20 39 10 
34 7  36 31 38 9  42 19 
50 seconds taken.
1  14 19 50 63 46 23 52 
18 49 64 15 20 51 62 45 
13 2  17 40 47 22 53 24 
30 35 48 21 16 41 44 61 
3  12 29 34 39 54 25 42 
36 31 38 9  6  43 60 57 
11 4  33 28 55 58 7  26 
32 37 10 5  8  27 56 59 
2 seconds taken.
1  62 53 16 47 60 49 14 
52 17 64 61 50 15 46 59 
63 2  51 54 57 48 13 26 
18 55 32 3  8  27 58 45 
39 4  19 56 31 44 25 12 
20 33 40 7  36 9  28 43 
5  38 35 22 41 30 11 24 
34 21 6  37 10 23 42 29 
22 seconds taken.
1  30 59 10 51 28 57 12 
60 9  64 29 58 11 54 27 
31 2  61 50 63 52 13 56 
8  49 32 3  38 55 26 53 
33 4  37 62 45 14 39 22 
48 7  16 19 36 23 42 25 
17 34 5  46 15 44 21 40 
6  47 18 35 20 41 24 43 
29 seconds taken.
1  62 3  12 15 60 17 32 
46 13 64 61 4  31 36 59 
63 2  45 14 11 16 33 18 
44 47 10 5  30 35 58 37 
9  52 29 48 25 38 19 34 
28 43 6  53 40 55 22 57 
51 8  41 26 49 24 39 20 
42 27 50 7  54 21 56 23 
9 seconds taken.
1  54 61 16 49 38 51 18 
62 15 64 3  52 17 48 37 
55 2  53 60 39 50 19 42 
14 63 34 57 4  41 36 47 
33 56 59 40 35 24 43 20 
10 13 30 23 58 5  46 25 
29 32 11 8  27 44 21 6  
12 9  28 31 22 7  26 45 
36 seconds taken.
1  58 15 54 63 60 17 30 
14 55 64 59 16 29 20 61 
57 2  53 12 23 62 31 18 
52 13 56 3  28 19 10 21 
43 4  47 24 11 22 35 32 
48 51 44 27 34 25 38 9  
5  42 49 46 7  40 33 36 
50 45 6  41 26 37 8  39 
122 seconds taken.
1  62 3  16 39 60 5  36 
14 25 64 61 4  37 18 59 
63 2  15 38 17 40 35 6  
24 13 26 45 30 19 58 47 
27 52 29 20 41 46 7  34 
12 23 42 51 44 31 48 57 
53 28 21 10 55 50 33 8  
22 11 54 43 32 9  56 49 
66 seconds taken.
1  62 3  58 35 42 39 44 
4  57 64 61 38 45 34 41 
63 2  59 36 15 40 43 46 
56 5  52 31 60 37 16 33 
53 30 55 14 51 32 47 24 
6  13 8  27 10 23 20 17 
29 54 11 50 21 18 25 48 
12 7  28 9  26 49 22 19 
18 seconds taken.
1  56 59 20 63 4  61 44 
58 19 64 3  60 45 22 5  
55 2  57 16 21 62 43 14 
18 33 54 31 46 15 6  23 
53 30 17 34 7  24 13 42 
38 35 32 47 50 41 10 25 
29 52 37 40 27 8  49 12 
36 39 28 51 48 11 26 9  
43 seconds taken.
1  22 53 40 51 62 27 42 
54 39 64 21 18 41 50 61 
23 2  19 52 63 26 43 28 
38 55 24 5  20 17 60 49 
11 6  3  56 25 48 29 44 
34 37 12 9  4  45 16 59 
7  10 35 32 57 14 47 30 
36 33 8  13 46 31 58 15 
83 seconds taken.
1  38 3  40 63 46 31 50 
4  41 64 45 60 49 14 47 
37 2  39 62 13 32 51 30 
42 5  36 59 44 61 48 15 
35 58 43 12 33 52 29 24 
6  9  34 21 26 23 16 53 
57 20 11 8  55 18 25 28 
10 7  56 19 22 27 54 17 
2 seconds taken.
1  4  53 24 29 38 33 36 
54 25 64 3  52 35 30 39 
5  2  55 28 23 32 37 34 
26 63 6  51 56 11 40 31 
7  50 27 46 41 22 57 18 
62 47 42 15 10 19 12 21 
43 8  49 60 45 14 17 58 
48 61 44 9  16 59 20 13 
5 seconds taken.
1  36 43 32 13 52 39 54 
44 31 64 37 42 55 14 51 
35 2  45 12 33 38 53 40 
30 63 34 25 56 41 50 15 
3  26 5  46 11 16 57 18 
62 29 24 21 6  19 10 49 
23 4  27 60 47 8  17 58 
28 61 22 7  20 59 48 9  
8 seconds taken.
1  42 21 34 53 40 55 58 
20 33 64 41 22 57 50 39 
43 2  23 52 35 54 59 56 
32 19 44 63 10 51 38 49 
3  24 9  18 45 36 11 60 
8  31 6  27 62 15 48 37 
25 4  29 14 17 46 61 12 
30 7  26 5  28 13 16 47 
11 seconds taken.
1  58 3  12 63 10 43 46 
16 13 64 59 4  45 40 9  
57 2  15 62 11 42 47 44 
14 17 60 5  30 39 8  41 
53 56 29 18 61 6  31 48 
28 21 54 51 34 25 38 7  
55 52 19 26 23 36 49 32 
20 27 22 35 50 33 24 37 
3 seconds taken.
1  38 25 22 61 44 27 42 
24 21 64 39 26 41 60 45 
37 2  23 62 47 58 43 28 
20 63 48 57 40 31 46 59 
3  36 19 10 49 56 29 32 
18 13 16 35 30 53 8  55 
15 4  11 50 9  6  33 52 
12 17 14 5  34 51 54 7  
46 seconds taken.
1  50 47 44 63 20 29 32 
48 45 64 21 30 33 62 19 
51 2  49 46 43 28 31 34 
8  13 22 41 56 61 18 27 
3  52 7  14 23 42 35 60 
12 9  40 55 6  57 26 17 
53 4  11 38 15 24 59 36 
10 39 54 5  58 37 16 25 
75 seconds taken.
1  48 17 44 29 62 25 42 
18 45 64 49 16 43 30 61 
47 2  13 28 63 24 41 26 
52 19 46 15 50 27 60 31 
3  14 51 12 23 58 35 40 
20 53 6  57 38 11 32 59 
7  4  55 22 9  34 39 36 
54 21 8  5  56 37 10 33 
15 seconds taken.
1  50 5  16 63 48 45 42 
24 15 64 49 4  43 62 47 
51 2  25 6  17 46 41 44 
26 23 14 3  28 39 8  61 
13 52 27 38 7  18 29 40 
34 37 22 11 20 9  60 57 
53 12 35 32 55 58 19 30 
36 33 54 21 10 31 56 59 
46 seconds taken.
1  62 3  44 41 52 13 54 
4  43 64 61 26 55 40 51 
63 2  25 42 45 14 53 12 
24 5  60 33 56 27 50 39 
59 20 57 46 15 32 11 28 
6  23 16 31 34 47 38 49 
19 58 21 8  17 36 29 10 
22 7  18 35 30 9  48 37 
71 seconds taken.
1  52 3  26 63 58 5  56 
24 27 64 53 4  55 62 47 
51 2  25 22 59 48 57 6  
28 23 20 49 54 13 46 61 
19 50 29 42 21 60 7  12 
38 41 36 33 10 31 14 45 
35 18 39 30 43 16 11 8  
40 37 34 17 32 9  44 15 
80 seconds taken.
1  36 13 62 11 34 21 30 
14 59 64 35 22 31 52 33 
37 2  61 12 63 10 29 20 
60 15 58 23 18 51 32 53 
3  38 17 50 9  44 19 28 
16 49 6  57 24 27 54 43 
39 4  47 8  41 56 45 26 
48 7  40 5  46 25 42 55 
14 seconds taken.
1  44 39 50 17 46 37 48 
40 51 64 45 38 49 18 5  
63 2  43 16 21 4  47 36 
52 41 22 3  58 15 6  19 
23 62 25 42 29 20 35 14 
26 53 10 59 12 57 32 7  
61 24 55 28 9  30 13 34 
54 27 60 11 56 33 8  31 
57 seconds taken.
1  42 59 34 63 30 57 32 
60 35 64 41 58 33 28 7  
43 2  19 62 29 8  31 56 
18 61 36 9  40 21 6  27 
37 44 3  20 5  26 55 22 
14 17 12 39 10 23 52 49 
45 38 15 4  47 50 25 54 
16 13 46 11 24 53 48 51 
78 seconds taken.
1  44 31 6  51 10 33 8  
30 49 64 45 32 7  52 11 
43 2  29 50 5  54 9  34 
48 63 42 3  46 21 12 53 
41 28 47 20 55 4  35 22 
62 17 26 39 24 37 58 13 
27 40 19 60 15 56 23 36 
18 61 16 25 38 59 14 57 
47 seconds taken.
1  12 3  56 63 58 47 54 
4  43 64 11 48 55 62 59 
13 2  5  44 57 60 53 46 
42 7  10 49 20 45 34 61 
9  14 21 6  35 50 27 52 
38 41 8  17 24 19 30 33 
15 22 39 36 31 28 51 26 
40 37 16 23 18 25 32 29 
107 seconds taken.
1  32 53 8  63 34 45 50 
54 9  64 33 6  51 62 35 
31 2  7  52 37 44 49 46 
10 55 38 43 48 5  36 61 
39 30 3  56 17 60 47 24 
14 11 42 27 4  23 20 59 
29 40 13 16 57 18 25 22 
12 15 28 41 26 21 58 19 
48 seconds taken.
1  6  3  26 63 58 55 24 
4  27 64 57 54 25 62 59 
7  2  5  40 61 56 23 48 
28 41 16 53 30 49 60 35 
17 8  29 50 39 34 47 22 
42 11 52 15 20 31 36 33 
9  18 13 44 51 38 21 46 
12 43 10 19 14 45 32 37 
13 seconds taken.
1  62 49 42 37 60 55 58 
50 47 64 61 54 57 38 35 
63 2  43 48 41 36 59 56 
46 51 12 3  44 53 34 39 
13 4  45 52 19 40 23 26 
8  11 6  29 16 25 20 33 
5  14 9  18 31 22 27 24 
10 7  30 15 28 17 32 21 
12 seconds taken.
1  48 21 56 63 36 11 58 
22 55 64 47 24 57 62 35 
49 2  23 20 37 10 59 12 
54 39 4  25 46 13 34 61 
3  50 19 38 5  60 9  14 
40 53 28 17 26 45 6  33 
29 18 51 42 31 8  15 44 
52 41 30 27 16 43 32 7  
58 seconds taken.
1  62 49 28 47 60 57 12 
50 29 64 61 56 11 46 59 
63 2  5  48 27 58 13 16 
4  51 30 55 10 15 40 45 
31 6  3  26 41 36 17 14 
52 25 54 9  34 21 44 39 
7  32 23 20 37 42 35 18 
24 53 8  33 22 19 38 43 
64 seconds taken.
1  62 3  32 25 48 59 46 
16 31 64 61 4  45 24 49 
63 2  15 26 33 60 47 58 
30 17 34 5  44 57 50 23 
35 6  29 14 27 22 43 54 
18 13 20 9  56 53 40 51 
7  36 11 28 21 38 55 42 
12 19 8  37 10 41 52 39 
34 seconds taken.
1  36 11 56 63 34 9  48 
12 59 64 35 10 47 54 33 
37 2  57 62 55 8  49 46 
58 13 60 7  20 27 32 53 
3  38 21 14 61 52 45 50 
22 15 6  19 26 43 28 31 
39 4  17 24 41 30 51 44 
16 23 40 5  18 25 42 29 
13 seconds taken.
1  62 55 8  13 16 57 6  
54 9  64 3  56 7  18 15 
63 2  61 12 17 14 5  58 
10 53 22 27 4  59 40 19 
23 28 11 60 41 20 45 36 
52 31 50 21 26 37 48 39 
29 24 33 42 49 46 35 44 
32 51 30 25 34 43 38 47 
56 seconds taken.
1  38 3  6  47 40 15 12 
4  7  64 39 14 11 46 41 
37 2  5  48 29 42 13 16 
8  63 60 43 10 27 30 45 
61 36 9  28 49 44 17 20 
56 59 62 23 26 19 52 31 
35 24 57 54 33 50 21 18 
58 55 34 25 22 53 32 51 
21 seconds taken.
1  14 57 32 63 28 47 30 
58 33 64 3  46 31 62 27 
13 2  15 56 23 26 29 48 
34 59 12 45 4  61 22 25 
11 16 39 60 55 24 49 6  
38 35 42 9  44 5  52 21 
17 10 37 40 19 54 7  50 
36 41 18 43 8  51 20 53 
113 seconds taken.
1  28 3  22 43 26 45 48 
4  21 64 27 50 47 42 25 
29 2  5  14 23 44 49 46 
20 13 30 63 6  51 24 41 
31 60 19 12 15 54 37 52 
18 11 62 59 34 7  40 55 
61 32 9  16 57 38 53 36 
10 17 58 33 8  35 56 39 
14 seconds taken.
1  62 3  46 9  44 55 58 
4  47 64 61 54 57 10 43 
63 2  5  8  45 12 59 56 
6  21 48 29 60 53 42 11 
33 28 7  22 17 30 13 52 
20 25 32 49 36 39 16 41 
27 34 23 18 31 14 51 38 
24 19 26 35 50 37 40 15 
6 seconds taken.
1  12 3  60 63 54 35 56 
4  59 64 11 34 57 62 53 
13 2  15 58 61 30 55 36 
16 5  10 33 18 37 52 31 
41 14 17 48 9  32 29 22 
6  45 42 19 38 23 26 51 
43 40 47 8  49 28 21 24 
46 7  44 39 20 25 50 27 
18 seconds taken.
1  26 61 46 63 10 13 16 
60 47 64 11 24 15 44 9  
27 2  25 62 45 12 17 14 
48 59 28 23 18 37 8  43 
3  30 49 36 55 42 19 38 
58 33 4  29 22 39 54 7  
31 50 35 56 5  52 41 20 
34 57 32 51 40 21 6  53 
75 seconds taken.
1  22 43 24 5  54 41 36 
44 25 64 21 42 35 6  55 
63 2  23 4  53 40 37 34 
26 45 52 39 20 15 56 7  
51 62 3  14 11 38 33 16 
46 27 48 19 30 13 8  57 
61 50 29 12 59 10 17 32 
28 47 60 49 18 31 58 9  
19 seconds taken.
1  32 3  24 63 48 5  22 
34 59 64 49 4  23 40 47 
31 2  33 60 25 62 21 6  
58 35 16 37 50 39 46 41 
15 30 51 26 61 42 7  20 
54 57 36 17 38 45 10 43 
29 14 55 52 27 12 19 8  
56 53 28 13 18 9  44 11 
63 seconds taken.
1  14 3  62 25 28 47 30 
4  61 64 15 48 31 24 27 
13 2  59 32 63 26 29 46 
60 5  12 49 16 57 18 23 
11 50 9  58 33 22 45 56 
8  35 6  53 38 17 42 19 
51 10 37 34 21 40 55 44 
36 7  52 39 54 43 20 41 
106 seconds taken.
1  32 39 22 63 12 41 20 
38 53 64 31 40 21 14 11 
33 2  23 54 13 62 19 42 
52 37 34 3  30 55 10 15 
35 4  29 24 61 16 43 18 
48 51 36 27 56 25 60 9  
5  28 49 46 7  58 17 44 
50 47 6  57 26 45 8  59 
9 seconds taken.
1  20 51 10 49 12 33 14 
52 9  64 19 32 15 48 17 
63 2  21 50 11 18 13 34 
8  53 42 31 60 35 16 47 
3  62 7  22 43 26 59 36 
54 41 30 61 6  23 46 25 
29 4  39 56 27 44 37 58 
40 55 28 5  38 57 24 45 
27 seconds taken.
1  18 33 20 63 16 31 10 
34 51 64 17 32 11 62 15 
53 2  19 48 21 14 9  30 
50 35 52 59 28 47 12 61 
3  54 49 22 13 60 29 8  
36 23 58 27 6  41 46 43 
55 4  25 38 57 44 7  40 
24 37 56 5  26 39 42 45 
24 seconds taken.
1  38 15 42 63 44 13 46 
16 21 64 37 14 47 62 49 
39 2  41 22 43 50 45 12 
20 17 34 51 36 53 48 61 
3  40 19 30 23 60 11 54 
18 33 26 35 52 57 8  59 
27 4  31 24 29 6  55 10 
32 25 28 5  56 9  58 7  
51 seconds taken.
1  60 3  28 35 62 5  8  
30 27 64 61 4  7  36 19 
59 2  29 34 63 18 9  6  
26 31 58 45 10 33 20 37 
57 46 25 32 21 44 17 12 
24 51 54 47 14 11 38 41 
53 56 49 22 43 40 13 16 
50 23 52 55 48 15 42 39 
33 seconds taken.
1  62 57 40 55 44 5  16 
58 39 64 43 4  15 52 45 
63 2  61 56 41 54 17 6  
38 59 42 3  14 51 46 53 
25 34 13 60 47 18 7  30 
12 37 24 33 28 31 50 19 
23 26 35 10 21 48 29 8  
36 11 22 27 32 9  20 49 
21 seconds taken.
1  40 3  8  11 16 21 18 
4  9  64 39 22 19 12 15 
41 2  23 10 7  14 17 20 
24 5  46 63 38 51 48 13 
57 42 25 6  47 62 37 50 
26 29 58 45 34 49 52 61 
43 56 31 28 59 54 33 36 
30 27 44 55 32 35 60 53 
1 seconds taken.
1  6  61 54 59 16 57 10 
62 53 64 7  56 9  14 17 
5  2  55 60 15 58 11 36 
52 63 24 3  8  35 18 13 
25 4  41 34 23 12 37 30 
42 51 44 47 28 31 22 19 
45 26 49 40 33 20 29 38 
50 43 46 27 48 39 32 21 
8 seconds taken.
1  46 19 60 63 56 7  58 
18 15 64 45 20 59 62 55 
47 2  17 14 61 8  57 6  
16 39 44 21 4  27 54 9  
43 48 3  38 13 22 5  28 
40 35 42 23 26 31 10 53 
49 24 37 34 51 12 29 32 
36 41 50 25 30 33 52 11 
18 seconds taken.
1  56 27 50 29 20 5  52 
26 49 64 55 4  51 30 19 
57 2  25 28 21 18 53 6  
48 63 58 3  54 43 22 31 
59 38 61 24 17 32 7  42 
62 47 14 39 44 23 10 33 
37 60 45 16 35 12 41 8  
46 15 36 13 40 9  34 11 
118 seconds taken.
1  38 9  22 63 20 11 16 
8  23 64 35 10 17 62 19 
37 2  39 6  21 56 15 12 
24 7  36 57 34 13 18 61 
3  58 5  40 55 60 33 14 
28 25 46 59 44 41 54 51 
47 4  27 30 49 52 43 32 
26 29 48 45 42 31 50 53 
50 seconds taken.
1  62 19 56 15 60 45 58 
18 55 64 61 20 57 14 43 
63 2  27 16 29 44 59 46 
54 17 30 35 26 21 42 13 
31 36 3  28 7  12 47 22 
4  53 34 11 50 25 8  41 
37 32 51 6  39 10 23 48 
52 5  38 33 24 49 40 9  
8 seconds taken.
1  62 3  18 21 16 11 14 
4  19 64 61 10 13 22 33 
63 2  9  20 17 34 15 12 
8  5  52 25 60 45 32 23 
53 26 7  46 35 24 41 44 
6  47 56 51 42 59 38 31 
27 54 49 58 29 36 43 40 
48 57 28 55 50 39 30 37 
16 seconds taken.
1  54 3  36 63 56 29 34 
4  19 64 55 30 35 62 57 
53 2  31 18 37 60 33 28 
20 5  38 7  32 17 58 61 
39 52 21 16 59 48 27 10 
22 15 6  49 8  11 44 47 
51 40 13 24 45 42 9  26 
14 23 50 41 12 25 46 43 
0 seconds taken.
1  56 49 54 63 38 47 36 
50 15 64 57 48 35 62 39 
17 2  55 6  53 58 37 46 
14 51 16 59 34 45 40 61 
3  18 5  52 7  60 33 44 
10 13 22 27 24 43 30 41 
19 4  11 8  21 28 25 32 
12 9  20 23 26 31 42 29 
5 seconds taken.
1  32 45 26 5  62 47 28 
44 25 64 31 46 27 6  61 
33 2  43 24 63 4  29 48 
42 19 34 3  30 17 60 7  
39 36 41 18 23 8  49 16 
20 11 38 35 50 57 54 59 
37 40 13 22 9  52 15 56 
12 21 10 51 14 55 58 53 
29 seconds taken.
1  10 43 22 63 16 39 18 
44 23 64 11 42 19 62 15 
9  2  21 26 13 40 17 38 
24 45 12 41 20 27 14 61 
3  8  25 56 31 60 37 54 
46 49 32 5  34 55 28 59 
7  4  51 48 57 30 53 36 
50 47 6  33 52 35 58 29 
33 seconds taken.
1  62 51 6  49 60 9  40 
52 5  64 61 8  39 48 59 
63 2  7  50 21 58 41 10 
4  53 20 13 38 11 30 47 
19 14 3  22 57 46 37 42 
54 25 16 45 12 31 34 29 
15 18 23 56 27 36 43 32 
24 55 26 17 44 33 28 35 
23 seconds taken.
1  8  23 60 63 40 35 38 
22 59 64 7  34 37 62 41 
9  2  33 24 61 12 39 36 
58 21 6  11 32 29 42 13 
3  10 57 20 25 14 51 30 
56 19 48 5  50 31 28 43 
47 4  17 54 45 26 15 52 
18 55 46 49 16 53 44 27 
93 seconds taken.
1  18 57 20 63 4  7  34 
56 29 64 3  58 33 62 5  
17 2  19 28 21 6  35 8  
30 55 22 59 32 27 48 61 
13 16 31 26 47 60 9  36 
54 23 14 39 10 49 46 43 
15 12 25 52 41 44 37 50 
24 53 40 11 38 51 42 45 
2 seconds taken.
1  28 45 6  63 26 23 42 
46 7  64 27 44 41 62 25 
29 2  47 40 5  24 43 22 
8  35 4  59 48 21 52 61 
3  30 9  34 39 60 17 20 
36 33 58 49 18 51 14 53 
57 10 31 38 55 12 19 16 
32 37 56 11 50 15 54 13 
14 seconds taken.
1  52 61 28 63 24 47 26 
60 29 64 51 48 27 12 23 
53 2  49 62 13 22 25 46 
30 59 54 21 50 41 14 11 
5  20 3  40 55 16 45 36 
58 31 6  17 42 37 10 15 
19 4  33 56 39 8  35 44 
32 57 18 7  34 43 38 9  
4 seconds taken.
1  50 33 36 59 54 31 28 
34 37 64 51 32 29 58 55 
49 2  35 60 53 56 27 30 
38 63 52 3  20 61 12 57 
7  48 39 62 13 26 19 22 
42 45 8  25 4  21 16 11 
47 6  43 40 9  14 23 18 
44 41 46 5  24 17 10 15 
66 seconds taken.
1  62 33 6  41 60 31 8  
34 5  64 61 32 7  40 59 
63 2  35 42 39 30 9  20 
4  13 44 37 10 21 58 29 
51 36 3  12 43 38 19 22 
14 45 52 49 24 11 28 57 
53 50 47 16 55 26 23 18 
46 15 54 25 48 17 56 27 
61 seconds taken.
1  20 33 22 63 26 43 24 
34 31 64 3  44 23 62 27 
19 2  21 32 29 4  25 42 
52 35 30 45 54 11 28 61 
7  18 53 48 5  46 41 12 
36 51 6  15 10 55 60 57 
17 8  49 38 47 58 13 40 
50 37 16 9  14 39 56 59 
0 seconds taken.
1  46 27 20 25 48 33 36 
28 19 64 47 32 35 22 49 
45 2  17 26 21 24 37 34 
18 29 44 63 38 31 50 23 
7  16 3  30 43 54 39 52 
4  13 6  9  62 51 58 55 
15 8  11 42 57 60 53 40 
12 5  14 61 10 41 56 59 
79 seconds taken.
1  14 33 36 63 16 31 38 
34 57 64 15 32 37 18 21 
13 2  35 62 17 20 39 30 
56 51 58 3  40 29 22 19 
59 12 61 52 47 4  41 28 
50 55 46 5  44 25 8  23 
11 60 53 48 9  6  27 42 
54 49 10 45 26 43 24 7  
31 seconds taken.
1  34 3  60 23 56 21 58 
4  51 64 35 62 59 24 55 
33 2  61 48 53 22 57 20 
50 5  52 63 36 41 54 25 
45 32 49 6  47 26 19 40 
10 7  46 37 42 13 16 27 
31 44 9  12 29 18 39 14 
8  11 30 43 38 15 28 17 
3 seconds taken.
1  6  3  28 51 26 55 58 
4  29 64 7  60 57 50 25 
63 2  5  52 27 54 59 56 
34 43 30 61 8  45 24 49 
31 62 33 44 53 48 15 46 
42 35 18 9  16 39 12 23 
19 32 37 40 21 10 47 14 
36 41 20 17 38 13 22 11 
16 seconds taken.
1  34 39 26 63 10 5  24 
40 37 64 33 4  25 62 11 
35 2  27 38 9  32 23 6  
48 41 36 3  28 7  12 61 
45 54 47 8  13 60 31 22 
42 49 44 53 20 29 16 59 
55 46 51 14 57 18 21 30 
50 43 56 19 52 15 58 17 
32 seconds taken.
1  12 37 10 7  16 35 32 
38 9  64 13 36 33 6  15 
63 2  11 8  17 14 31 34 
46 39 62 3  30 57 18 5  
61 50 45 20 41 4  29 56 
44 47 40 53 58 19 26 23 
51 60 49 42 21 24 55 28 
48 43 52 59 54 27 22 25 
9 seconds taken.
1  60 29 14 17 56 19 12 
28 15 64 57 30 13 6  55 
61 2  59 16 5  18 11 20 
42 27 4  63 58 31 54 7  
3  62 41 32 53 8  21 10 
26 43 34 37 40 47 52 49 
35 38 45 24 33 50 9  22 
44 25 36 39 46 23 48 51 
12 seconds taken.
1  6  61 10 37 12 35 44 
62 9  64 3  60 45 38 13 
5  2  7  28 11 36 43 34 
8  63 4  59 46 27 14 39 
19 58 47 26 29 40 33 42 
48 25 18 55 22 53 30 15 
57 20 23 50 17 32 41 52 
24 49 56 21 54 51 16 31 
43 seconds taken.
1  4  41 32 63 14 17 56 
40 33 64 3  42 57 62 15 
5  2  31 20 13 16 55 18 
28 39 34 43 30 19 58 61 
35 6  29 12 21 60 45 54 
24 27 38 51 44 11 48 59 
7  36 25 22 9  50 53 46 
26 23 8  37 52 47 10 49 
44 seconds taken.
